0b004f01 0b000b01 10000 100 8000 2000024165 8985 8990
0b008a01 0b000001 10000 100 8000 2000025953 8985 8990
0b00d101 0b000f01 10000 100 8000 2000028094 8985 8990
0b00cd01 0b000b01 10000 100 8000 2000028458 8985 8990
0b008601 0b000b01 10000 100 8000 2000031615 8985 8990
0b006a01 0b000f01 10000 100 8000 2000031912 8985 8990
0b00d501 0b000d01 10000 100 8000 2000036601 8985 8990
0b001c01 0b000001 10000 100 8000 2000042667 8985 8990
0b00da01 0b000801 10000 100 8000 2000043821 8985 8990
0b00b401 0b000001 10000 100 8000 2000049651 8985 8990
0b00e801 0b000e01 10000 100 256000 2000027409 31445 29783
0b00e001 0b000101 10000 100 8000 2000051522 8985 8990
0b004701 0b000201 10000 100 256000 2000040858 31629 29783
0b00df01 0b000801 10000 100 8000 2000069783 8985 8990
0b00e101 0b000b01 10000 100 256000 2000047675 32097 29783
0b00a601 0b000401 10000 100 256000 2000057863 31445 29783
0b005001 0b000701 10000 100 256000 2000057925 31445 29783
0b003601 0b000501 10000 100 256000 2000059473 31445 29783
0b004901 0b000901 10000 100 256000 2000067061 31445 29783
0b006501 0b000d01 10000 100 256000 2000072148 31629 29783
