3250
236 7 3 100 256000 2.000011028
45 2 3 100 8000 2.000011821
78 1 3 100 256000 2.000016595
231 9 3 100 256000 2.000021611
158 2 3 100 8000 2.000023334
221 0 3 100 8000 2.000026410
95 13 3 100 256000 2.000036911
86 7 3 100 256000 2.000037498
203 12 3 100 8000 2.000038144
218 10 3 100 256000 2.000041598
100 4 3 100 8000 2.000042582
142 4 3 100 256000 2.000042891
165 10 3 100 8000 2.000044072
61 9 3 100 256000 2.000045180
161 7 3 100 8000 2.000052065
56 2 3 100 8000 2.000053808
177 14 3 100 8000 2.000055618
195 13 3 100 8000 2.000055654
94 7 3 100 8000 2.000056293
144 15 3 100 8000 2.000058169
39 13 3 100 8000 2.000060130
101 14 3 100 256000 2.000060298
85 10 3 100 256000 2.000063906
67 7 3 100 256000 2.000064350
162 15 3 100 8000 2.000065527
107 0 3 100 8000 2.000066334
254 15 3 100 8000 2.000066934
87 10 3 100 256000 2.000069526
202 12 3 100 8000 2.000071555
19 13 3 100 8000 2.000073952
168 9 3 100 256000 2.000084358
134 11 3 100 256000 2.000084899
29 12 3 100 8000 2.000085674
64 6 3 100 256000 2.000086506
198 14 3 100 256000 2.000091084
42 8 3 100 8000 2.000092763
107 7 3 100 256000 2.000094732
62 7 3 100 256000 2.000095133
38 5 3 100 256000 2.000100382
130 10 3 100 8000 2.000101313
245 2 3 100 256000 2.000109361
224 3 3 100 256000 2.000114957
21 13 3 100 8000 2.000116465
175 6 3 100 256000 2.000120652
142 12 3 100 8000 2.000125036
207 10 3 100 256000 2.000125269
220 11 3 100 256000 2.000131600
83 1 3 100 8000 2.000131795
144 0 3 100 256000 2.000132268
150 13 3 100 8000 2.000132331
244 3 3 100 8000 2.000133176
169 11 3 100 8000 2.000134151
182 3 3 100 256000 2.000134358
125 11 3 100 256000 2.000134522
66 8 3 100 256000 2.000135846
84 14 3 100 256000 2.000136228
107 3 3 100 256000 2.000146612
47 2 3 100 256000 2.000162503
63 8 3 100 8000 2.000166598
16 12 3 100 8000 2.000167027
195 4 3 100 8000 2.000174664
147 2 3 100 8000 2.000175633
42 7 3 100 256000 2.000176135
91 14 3 100 256000 2.000180919
73 14 3 100 256000 2.000181024
89 1 3 100 8000 2.000187895
103 5 3 100 256000 2.000200018
106 11 3 100 8000 2.000200399
229 7 3 100 256000 2.000200789
47 2 3 100 256000 2.000203072
201 7 3 100 256000 2.000203165
180 6 3 100 8000 2.000216200
134 11 3 100 8000 2.000217832
65 5 3 100 256000 2.000220044
186 13 3 100 256000 2.000226182
204 1 3 100 256000 2.000227942
61 6 3 100 8000 2.000228858
128 15 3 100 8000 2.000231086
241 11 3 100 256000 2.000231200
98 12 3 100 256000 2.000232544
153 3 3 100 8000 2.000235014
194 9 3 100 8000 2.000237241
62 7 3 100 256000 2.000240389
121 12 3 100 256000 2.000255064
143 6 3 100 8000 2.000256180
118 0 3 100 8000 2.000264297
140 3 3 100 256000 2.000265647
44 0 3 100 8000 2.000268867
130 14 3 100 8000 2.000270645
110 3 3 100 8000 2.000270820
69 3 3 100 256000 2.000270857
42 4 3 100 8000 2.000275170
76 10 3 100 256000 2.000277758
104 14 3 100 256000 2.000278800
21 12 3 100 8000 2.000279233
128 15 3 100 256000 2.000280556
35 13 3 100 256000 2.000282308
69 15 3 100 256000 2.000282533
146 12 3 100 256000 2.000288007
177 11 3 100 256000 2.000290005
235 7 3 100 8000 2.000292713
69 10 3 100 8000 2.000296360
107 7 3 100 8000 2.000297650
35 8 3 100 8000 2.000297700
65 4 3 100 8000 2.000302056
152 7 3 100 8000 2.000302057
100 6 3 100 256000 2.000304689
241 2 3 100 8000 2.000313598
45 2 3 100 256000 2.000313983
89 1 3 100 256000 2.000316314
65 11 3 100 8000 2.000318156
39 1 3 100 256000 2.000321526
75 10 3 100 8000 2.000329640
249 2 3 100 256000 2.000330041
106 14 3 100 256000 2.000334737
123 8 3 100 256000 2.000336534
30 10 3 100 256000 2.000342460
37 10 3 100 8000 2.000345817
115 5 3 100 256000 2.000348110
112 9 3 100 8000 2.000354745
175 2 3 100 256000 2.000355293
111 3 3 100 8000 2.000355413
181 15 3 100 256000 2.000357702
85 9 3 100 256000 2.000360637
100 7 3 100 8000 2.000363355
132 15 3 100 8000 2.000365376
145 0 3 100 8000 2.000365532
90 8 3 100 256000 2.000367622
237 2 3 100 8000 2.000373387
136 0 3 100 8000 2.000379638
223 6 3 100 256000 2.000384384
73 8 3 100 8000 2.000384762
92 9 3 100 8000 2.000389268
174 11 3 100 8000 2.000389921
20 13 3 100 256000 2.000391200
27 6 3 100 256000 2.000391287
114 9 3 100 256000 2.000403122
35 12 3 100 8000 2.000405479
128 0 3 100 8000 2.000407559
221 0 3 100 8000 2.000407894
223 6 3 100 8000 2.000408899
188 13 3 100 8000 2.000409606
236 15 3 100 8000 2.000414205
169 13 3 100 8000 2.000414212
223 0 3 100 8000 2.000415859
58 1 3 100 8000 2.000415885
115 8 3 100 256000 2.000417501
208 15 3 100 8000 2.000418942
47 0 3 100 256000 2.000420359
221 15 3 100 8000 2.000421871
160 13 3 100 256000 2.000421884
227 14 3 100 8000 2.000423765
195 5 3 100 256000 2.000424182
228 8 3 100 8000 2.000429871
191 10 3 100 8000 2.000430331
237 7 3 100 8000 2.000433793
182 8 3 100 8000 2.000435634
114 11 3 100 8000 2.000437629
224 15 3 100 256000 2.000437975
104 14 3 100 256000 2.000442324
17 14 3 100 256000 2.000449907
72 0 3 100 8000 2.000450675
248 11 3 100 8000 2.000455223
150 0 3 100 8000 2.000462865
223 3 3 100 8000 2.000463074
25 1 3 100 8000 2.000465727
185 15 3 100 256000 2.000466832
182 15 3 100 256000 2.000472780
229 9 3 100 256000 2.000473822
96 4 3 100 8000 2.000475897
158 1 3 100 8000 2.000476577
46 11 3 100 8000 2.000476662
182 0 3 100 256000 2.000479910
33 14 3 100 8000 2.000483549
205 10 3 100 256000 2.000484732
253 4 3 100 256000 2.000486634
42 5 3 100 8000 2.000488521
123 9 3 100 8000 2.000489126
121 10 3 100 8000 2.000489776
142 1 3 100 8000 2.000494739
66 3 3 100 8000 2.000497969
186 5 3 100 8000 2.000506697
181 10 3 100 8000 2.000511773
100 3 3 100 256000 2.000517297
238 7 3 100 256000 2.000523451
86 3 3 100 256000 2.000526419
157 2 3 100 8000 2.000529459
148 3 3 100 8000 2.000534254
188 3 3 100 256000 2.000535589
78 6 3 100 8000 2.000542438
250 7 3 100 8000 2.000546185
89 12 3 100 256000 2.000551537
250 2 3 100 256000 2.000554272
206 7 3 100 8000 2.000557629
207 5 3 100 256000 2.000559236
42 1 3 100 256000 2.000559942
115 3 3 100 256000 2.000560738
19 4 3 100 8000 2.000563194
122 12 3 100 8000 2.000577937
238 4 3 100 256000 2.000578016
221 10 3 100 8000 2.000578789
248 6 3 100 8000 2.000587884
255 14 3 100 8000 2.000590791
191 15 3 100 256000 2.000591153
223 5 3 100 256000 2.000593057
62 12 3 100 256000 2.000619467
78 12 3 100 8000 2.000619729
190 9 3 100 256000 2.000626567
169 8 3 100 256000 2.000627803
207 6 3 100 8000 2.000631139
36 10 3 100 8000 2.000631750
114 0 3 100 256000 2.000633525
173 4 3 100 8000 2.000633532
97 7 3 100 256000 2.000633939
57 4 3 100 8000 2.000639807
230 14 3 100 256000 2.000642539
162 6 3 100 8000 2.000645112
27 7 3 100 8000 2.000647945
64 15 3 100 256000 2.000652493
252 11 3 100 256000 2.000654572
115 9 3 100 256000 2.000656502
35 4 3 100 8000 2.000659107
174 13 3 100 256000 2.000662082
45 7 3 100 8000 2.000664009
116 11 3 100 8000 2.000666948
96 12 3 100 256000 2.000671486
182 5 3 100 256000 2.000674731
254 12 3 100 256000 2.000676621
63 13 3 100 8000 2.000679605
41 3 3 100 256000 2.000680288
43 6 3 100 8000 2.000682508
134 13 3 100 256000 2.000687522
215 12 3 100 8000 2.000688827
20 13 3 100 8000 2.000689000
222 1 3 100 8000 2.000692590
205 4 3 100 256000 2.000694334
123 2 3 100 256000 2.000698327
215 11 3 100 256000 2.000700164
26 1 3 100 256000 2.000703182
238 10 3 100 256000 2.000703277
25 15 3 100 8000 2.000706860
115 6 3 100 8000 2.000713160
111 12 3 100 256000 2.000714165
18 9 3 100 8000 2.000714411
187 8 3 100 8000 2.000720283
23 2 3 100 8000 2.000721584
170 9 3 100 8000 2.000724509
116 15 3 100 8000 2.000725198
122 15 3 100 256000 2.000726940
139 11 3 100 256000 2.000728514
185 5 3 100 256000 2.000730145
65 13 3 100 8000 2.000732260
184 14 3 100 8000 2.000738697
105 3 3 100 8000 2.000739812
101 6 3 100 8000 2.000742324
196 14 3 100 256000 2.000742974
151 13 3 100 256000 2.000743011
95 7 3 100 256000 2.000744145
221 12 3 100 8000 2.000747464
31 10 3 100 8000 2.000750105
74 1 3 100 256000 2.000759256
132 12 3 100 256000 2.000761439
117 6 3 100 8000 2.000763866
173 13 3 100 8000 2.000764526
70 4 3 100 256000 2.000764636
252 13 3 100 256000 2.000765060
89 5 3 100 8000 2.000765559
233 3 3 100 256000 2.000768574
64 2 3 100 8000 2.000776979
177 15 3 100 256000 2.000782330
93 14 3 100 256000 2.000785923
197 3 3 100 8000 2.000789244
201 7 3 100 256000 2.000791111
83 7 3 100 8000 2.000795215
128 11 3 100 256000 2.000795892
146 6 3 100 8000 2.000800191
89 10 3 100 256000 2.000800992
44 6 3 100 8000 2.000801084
201 2 3 100 256000 2.000801365
184 0 3 100 8000 2.000801383
179 1 3 100 256000 2.000802933
210 8 3 100 8000 2.000805362
21 3 3 100 8000 2.000805886
37 15 3 100 8000 2.000813273
33 9 3 100 256000 2.000813689
196 0 3 100 256000 2.000814650
161 8 3 100 256000 2.000824039
170 15 3 100 256000 2.000824368
246 12 3 100 256000 2.000829429
147 2 3 100 8000 2.000829927
35 2 3 100 8000 2.000830454
195 12 3 100 256000 2.000841183
203 10 3 100 256000 2.000846916
199 14 3 100 8000 2.000847849
147 1 3 100 8000 2.000848650
104 3 3 100 256000 2.000851898
104 12 3 100 8000 2.000853965
211 10 3 100 8000 2.000859571
193 6 3 100 8000 2.000860457
195 15 3 100 8000 2.000860527
158 9 3 100 256000 2.000860535
144 2 3 100 256000 2.000863408
50 1 3 100 256000 2.000865311
119 0 3 100 8000 2.000873563
142 13 3 100 8000 2.000873876
83 2 3 100 256000 2.000875046
67 11 3 100 256000 2.000879982
58 1 3 100 256000 2.000883834
169 14 3 100 8000 2.000892244
128 5 3 100 256000 2.000893280
72 0 3 100 256000 2.000895721
79 3 3 100 256000 2.000898013
239 8 3 100 8000 2.000899308
239 3 3 100 256000 2.000900804
19 14 3 100 8000 2.000902014
27 8 3 100 256000 2.000903303
111 11 3 100 8000 2.000904501
241 13 3 100 256000 2.000904684
28 0 3 100 256000 2.000906343
181 2 3 100 256000 2.000911385
116 5 3 100 256000 2.000911605
203 10 3 100 256000 2.000913818
86 1 3 100 8000 2.000919248
31 9 3 100 256000 2.000925710
241 10 3 100 8000 2.000926438
193 3 3 100 8000 2.000926729
152 2 3 100 8000 2.000936503
33 5 3 100 256000 2.000943644
64 8 3 100 256000 2.000948517
99 13 3 100 256000 2.000948673
175 14 3 100 256000 2.000949023
209 2 3 100 256000 2.000949035
34 9 3 100 8000 2.000949997
206 13 3 100 8000 2.000951458
120 9 3 100 256000 2.000951463
50 1 3 100 256000 2.000952514
99 11 3 100 256000 2.000953164
193 6 3 100 256000 2.000955079
64 13 3 100 256000 2.000958688
253 3 3 100 256000 2.000959716
120 1 3 100 256000 2.000961538
89 6 3 100 256000 2.000964236
90 9 3 100 8000 2.000967591
105 11 3 100 256000 2.000970272
224 13 3 100 256000 2.000974437
140 10 3 100 256000 2.000980515
79 8 3 100 8000 2.000981560
113 8 3 100 256000 2.000987674
95 1 3 100 256000 2.000996959
29 6 3 100 8000 2.001001098
125 8 3 100 256000 2.001003788
236 14 3 100 8000 2.001005345
67 1 3 100 256000 2.001005356
16 13 3 100 256000 2.001007426
68 1 3 100 8000 2.001012651
228 5 3 100 256000 2.001014090
62 7 3 100 8000 2.001017149
63 11 3 100 8000 2.001018386
201 6 3 100 8000 2.001023278
229 14 3 100 256000 2.001023862
66 10 3 100 256000 2.001023966
212 4 3 100 8000 2.001024216
29 4 3 100 8000 2.001024472
242 14 3 100 8000 2.001025629
210 1 3 100 8000 2.001026685
150 2 3 100 256000 2.001027399
212 12 3 100 8000 2.001030785
40 6 3 100 256000 2.001031910
93 8 3 100 256000 2.001033643
72 14 3 100 8000 2.001038190
182 7 3 100 256000 2.001038336
231 11 3 100 8000 2.001038466
224 11 3 100 256000 2.001039705
119 8 3 100 256000 2.001052373
17 7 3 100 8000 2.001055122
53 9 3 100 8000 2.001056897
89 9 3 100 8000 2.001058619
70 3 3 100 8000 2.001058946
130 9 3 100 8000 2.001059483
174 0 3 100 256000 2.001061189
62 12 3 100 256000 2.001065140
206 0 3 100 256000 2.001066067
124 4 3 100 256000 2.001067027
171 8 3 100 256000 2.001072020
167 12 3 100 8000 2.001073557
78 2 3 100 256000 2.001073792
81 7 3 100 256000 2.001078136
44 7 3 100 8000 2.001080934
240 13 3 100 256000 2.001087047
22 0 3 100 8000 2.001088314
74 9 3 100 8000 2.001093265
211 13 3 100 8000 2.001094434
66 10 3 100 256000 2.001097206
251 8 3 100 8000 2.001098520
161 7 3 100 256000 2.001100177
208 0 3 100 256000 2.001100361
174 10 3 100 256000 2.001107483
68 14 3 100 256000 2.001108023
116 7 3 100 256000 2.001110700
20 2 3 100 8000 2.001110764
205 10 3 100 8000 2.001116324
39 14 3 100 256000 2.001117295
58 3 3 100 8000 2.001121285
145 2 3 100 256000 2.001122668
77 12 3 100 256000 2.001123502
255 2 3 100 256000 2.001130762
103 2 3 100 8000 2.001131666
25 11 3 100 256000 2.001135375
195 1 3 100 256000 2.001138230
27 13 3 100 256000 2.001138662
144 1 3 100 256000 2.001140918
51 5 3 100 256000 2.001145791
178 0 3 100 8000 2.001146715
49 5 3 100 8000 2.001147790
130 5 3 100 8000 2.001151626
155 9 3 100 256000 2.001151919
88 8 3 100 256000 2.001152110
127 2 3 100 256000 2.001162227
99 7 3 100 8000 2.001162753
22 11 3 100 8000 2.001163767
31 4 3 100 8000 2.001165747
173 12 3 100 256000 2.001169109
125 6 3 100 256000 2.001169770
142 6 3 100 256000 2.001171576
219 6 3 100 256000 2.001175488
100 0 3 100 8000 2.001177292
92 1 3 100 8000 2.001177521
89 9 3 100 256000 2.001179575
229 2 3 100 256000 2.001183637
88 10 3 100 256000 2.001187968
37 7 3 100 8000 2.001197354
83 3 3 100 8000 2.001201440
200 15 3 100 8000 2.001202825
20 4 3 100 8000 2.001204683
124 9 3 100 8000 2.001215632
132 2 3 100 256000 2.001218335
237 13 3 100 8000 2.001219739
29 12 3 100 8000 2.001220532
202 12 3 100 256000 2.001222369
72 6 3 100 8000 2.001238904
195 0 3 100 8000 2.001239634
41 5 3 100 256000 2.001244085
176 3 3 100 8000 2.001245309
198 3 3 100 256000 2.001245350
108 9 3 100 8000 2.001246018
88 9 3 100 256000 2.001247655
81 6 3 100 256000 2.001248302
219 13 3 100 8000 2.001251844
139 15 3 100 256000 2.001252088
253 4 3 100 256000 2.001252258
208 11 3 100 8000 2.001255918
62 1 3 100 256000 2.001256930
57 13 3 100 256000 2.001258702
210 4 3 100 256000 2.001262883
255 0 3 100 256000 2.001263823
175 1 3 100 8000 2.001267050
25 9 3 100 256000 2.001270659
158 6 3 100 8000 2.001275279
70 6 3 100 256000 2.001276100
33 2 3 100 8000 2.001276800
39 0 3 100 8000 2.001281350
113 2 3 100 256000 2.001289414
89 9 3 100 256000 2.001290927
143 12 3 100 256000 2.001292514
112 9 3 100 8000 2.001295372
142 5 3 100 8000 2.001298348
80 3 3 100 8000 2.001299408
185 12 3 100 8000 2.001300179
185 12 3 100 8000 2.001302468
106 13 3 100 256000 2.001304356
33 12 3 100 256000 2.001306344
192 12 3 100 8000 2.001306842
137 1 3 100 256000 2.001307699
89 3 3 100 256000 2.001308919
223 15 3 100 256000 2.001309913
162 9 3 100 256000 2.001317364
181 9 3 100 8000 2.001317705
37 9 3 100 256000 2.001321619
95 4 3 100 256000 2.001333388
32 3 3 100 256000 2.001334122
109 6 3 100 256000 2.001335523
155 4 3 100 8000 2.001335549
46 6 3 100 8000 2.001337877
237 10 3 100 256000 2.001338251
182 8 3 100 8000 2.001339444
167 4 3 100 8000 2.001341271
107 4 3 100 8000 2.001343836
189 12 3 100 8000 2.001345646
184 5 3 100 8000 2.001348689
174 3 3 100 8000 2.001356472
209 7 3 100 8000 2.001357562
246 3 3 100 8000 2.001361178
19 3 3 100 256000 2.001363783
54 3 3 100 256000 2.001367155
78 15 3 100 8000 2.001367972
98 5 3 100 256000 2.001369042
157 4 3 100 256000 2.001369062
141 7 3 100 256000 2.001372632
66 9 3 100 8000 2.001374217
41 13 3 100 256000 2.001375125
42 15 3 100 256000 2.001376159
32 10 3 100 8000 2.001377415
63 12 3 100 256000 2.001378332
176 13 3 100 8000 2.001381649
46 14 3 100 8000 2.001384531
62 3 3 100 8000 2.001388461
47 13 3 100 256000 2.001392845
25 11 3 100 256000 2.001393119
51 12 3 100 8000 2.001393144
58 11 3 100 256000 2.001394325
28 3 3 100 256000 2.001399884
223 15 3 100 256000 2.001405849
237 13 3 100 256000 2.001412928
51 12 3 100 8000 2.001414147
147 8 3 100 256000 2.001415839
230 7 3 100 256000 2.001419212
214 15 3 100 8000 2.001424668
71 6 3 100 8000 2.001433593
174 2 3 100 8000 2.001435889
60 9 3 100 8000 2.001438329
49 9 3 100 256000 2.001438459
40 6 3 100 256000 2.001439201
85 12 3 100 256000 2.001439338
174 15 3 100 256000 2.001442182
80 6 3 100 8000 2.001447398
38 8 3 100 256000 2.001447925
63 9 3 100 8000 2.001450306
82 9 3 100 8000 2.001454020
40 10 3 100 256000 2.001454264
112 10 3 100 256000 2.001455074
70 12 3 100 8000 2.001455827
169 15 3 100 8000 2.001457454
86 1 3 100 256000 2.001459388
121 2 3 100 256000 2.001462345
185 1 3 100 8000 2.001462429
119 8 3 100 8000 2.001473226
62 3 3 100 8000 2.001476055
127 15 3 100 8000 2.001479077
27 0 3 100 256000 2.001485975
161 8 3 100 256000 2.001495527
201 6 3 100 8000 2.001495624
163 6 3 100 8000 2.001497499
100 7 3 100 256000 2.001502055
127 3 3 100 8000 2.001504811
178 2 3 100 8000 2.001507438
106 12 3 100 8000 2.001510079
33 6 3 100 8000 2.001513264
90 7 3 100 8000 2.001518356
94 9 3 100 256000 2.001520614
16 6 3 100 8000 2.001520744
241 1 3 100 256000 2.001524118
70 13 3 100 8000 2.001525823
75 11 3 100 8000 2.001526961
162 14 3 100 8000 2.001534866
221 6 3 100 8000 2.001534954
159 15 3 100 8000 2.001535674
175 15 3 100 256000 2.001538820
59 4 3 100 8000 2.001542240
114 12 3 100 8000 2.001542818
154 10 3 100 256000 2.001555699
35 14 3 100 8000 2.001556061
186 14 3 100 8000 2.001559084
39 14 3 100 8000 2.001561903
97 6 3 100 8000 2.001565680
145 3 3 100 256000 2.001569540
184 12 3 100 8000 2.001575195
117 7 3 100 8000 2.001575763
226 8 3 100 256000 2.001579598
78 6 3 100 8000 2.001582512
46 13 3 100 8000 2.001587323
71 3 3 100 256000 2.001595716
94 13 3 100 8000 2.001598821
228 3 3 100 256000 2.001605325
220 3 3 100 256000 2.001605931
234 1 3 100 256000 2.001610320
164 12 3 100 256000 2.001610796
99 10 3 100 256000 2.001614225
99 7 3 100 256000 2.001616240
199 13 3 100 8000 2.001617991
166 2 3 100 8000 2.001618703
189 2 3 100 256000 2.001619760
152 11 3 100 8000 2.001619968
68 2 3 100 8000 2.001626790
95 11 3 100 8000 2.001629269
247 1 3 100 8000 2.001635532
68 10 3 100 256000 2.001635773
163 9 3 100 256000 2.001643266
32 7 3 100 256000 2.001643735
110 3 3 100 8000 2.001647015
24 10 3 100 8000 2.001647832
31 9 3 100 8000 2.001655884
23 1 3 100 8000 2.001656733
210 13 3 100 8000 2.001662779
228 12 3 100 8000 2.001665703
25 12 3 100 8000 2.001671987
100 5 3 100 8000 2.001674601
38 2 3 100 8000 2.001674729
84 15 3 100 256000 2.001675619
213 9 3 100 8000 2.001677771
254 15 3 100 256000 2.001679455
248 6 3 100 256000 2.001681804
94 5 3 100 8000 2.001683468
188 5 3 100 8000 2.001685565
109 12 3 100 256000 2.001690405
226 11 3 100 8000 2.001691595
78 8 3 100 8000 2.001694784
50 15 3 100 256000 2.001698688
138 13 3 100 8000 2.001701112
228 5 3 100 8000 2.001705954
41 6 3 100 8000 2.001711017
199 9 3 100 8000 2.001714024
84 10 3 100 256000 2.001714325
28 10 3 100 256000 2.001718508
184 5 3 100 256000 2.001719975
99 8 3 100 256000 2.001721250
105 4 3 100 256000 2.001723843
200 8 3 100 8000 2.001724094
52 15 3 100 8000 2.001724116
122 11 3 100 256000 2.001725318
102 15 3 100 8000 2.001727260
198 8 3 100 8000 2.001729006
111 10 3 100 256000 2.001729966
53 12 3 100 8000 2.001732812
218 0 3 100 256000 2.001734779
44 5 3 100 8000 2.001737693
69 6 3 100 256000 2.001739269
64 15 3 100 8000 2.001745697
69 3 3 100 256000 2.001751011
115 11 3 100 256000 2.001757606
122 0 3 100 256000 2.001758003
174 4 3 100 256000 2.001758221
107 10 3 100 8000 2.001760774
123 13 3 100 8000 2.001762027
244 9 3 100 256000 2.001762172
210 0 3 100 256000 2.001765148
154 10 3 100 8000 2.001765541
185 5 3 100 256000 2.001767777
33 13 3 100 8000 2.001768695
136 10 3 100 256000 2.001770786
182 8 3 100 8000 2.001774292
249 12 3 100 256000 2.001776080
232 6 3 100 8000 2.001776868
124 9 3 100 8000 2.001787099
129 6 3 100 256000 2.001791239
75 1 3 100 8000 2.001793730
131 9 3 100 256000 2.001796056
91 6 3 100 8000 2.001803555
229 6 3 100 8000 2.001803663
206 5 3 100 8000 2.001803759
165 10 3 100 8000 2.001803949
118 5 3 100 8000 2.001804690
24 13 3 100 256000 2.001810335
227 11 3 100 8000 2.001819175
89 5 3 100 8000 2.001819989
140 1 3 100 8000 2.001822704
228 5 3 100 256000 2.001824941
33 7 3 100 8000 2.001825226
99 7 3 100 256000 2.001827006
111 3 3 100 256000 2.001827674
56 14 3 100 256000 2.001829838
40 11 3 100 256000 2.001835101
58 1 3 100 8000 2.001837870
25 10 3 100 8000 2.001841409
224 5 3 100 8000 2.001841449
114 6 3 100 8000 2.001841511
115 5 3 100 8000 2.001843064
212 4 3 100 256000 2.001847876
132 4 3 100 8000 2.001849119
238 14 3 100 256000 2.001850495
147 10 3 100 256000 2.001850611
62 9 3 100 256000 2.001855561
29 2 3 100 8000 2.001857623
171 7 3 100 8000 2.001863180
40 11 3 100 256000 2.001877129
206 14 3 100 8000 2.001878297
118 9 3 100 8000 2.001879486
193 4 3 100 256000 2.001880378
20 9 3 100 8000 2.001882736
46 0 3 100 256000 2.001891236
61 4 3 100 256000 2.001895532
36 2 3 100 256000 2.001896371
205 7 3 100 256000 2.001903261
33 9 3 100 256000 2.001906278
59 14 3 100 256000 2.001906299
106 3 3 100 256000 2.001908009
32 8 3 100 8000 2.001909622
168 12 3 100 256000 2.001913467
125 1 3 100 8000 2.001917203
31 8 3 100 256000 2.001917685
193 9 3 100 8000 2.001921991
71 11 3 100 256000 2.001924222
57 13 3 100 8000 2.001928964
58 6 3 100 8000 2.001930230
77 12 3 100 8000 2.001931011
93 7 3 100 8000 2.001935244
18 2 3 100 8000 2.001935404
182 13 3 100 256000 2.001935450
114 1 3 100 8000 2.001942158
68 12 3 100 256000 2.001943117
214 9 3 100 8000 2.001944679
234 5 3 100 256000 2.001954268
183 5 3 100 8000 2.001955971
173 2 3 100 256000 2.001967517
76 9 3 100 8000 2.001970924
197 13 3 100 8000 2.001972370
104 8 3 100 8000 2.001974865
59 4 3 100 8000 2.001975838
202 15 3 100 256000 2.001976797
210 14 3 100 8000 2.001977595
230 8 3 100 256000 2.001979056
157 0 3 100 8000 2.001979792
71 9 3 100 8000 2.001980634
23 2 3 100 8000 2.001981913
193 14 3 100 256000 2.001984602
166 8 3 100 256000 2.001988711
116 13 3 100 8000 2.001989365
74 1 3 100 256000 2.001991735
36 9 3 100 8000 2.001998927
113 6 3 100 8000 2.002002491
40 8 3 100 8000 2.002002600
36 4 3 100 8000 2.002003646
220 12 3 100 8000 2.002006930
208 0 3 100 8000 2.002009675
153 2 3 100 8000 2.002011050
43 4 3 100 8000 2.002011375
113 12 3 100 8000 2.002013847
34 15 3 100 8000 2.002015860
107 8 3 100 8000 2.002015968
100 1 3 100 8000 2.002022519
195 10 3 100 8000 2.002023726
92 12 3 100 256000 2.002036204
164 7 3 100 8000 2.002037632
82 1 3 100 256000 2.002039346
229 11 3 100 8000 2.002042073
73 15 3 100 8000 2.002052774
109 10 3 100 8000 2.002053951
115 9 3 100 8000 2.002054890
62 4 3 100 8000 2.002060606
25 1 3 100 256000 2.002061536
211 4 3 100 8000 2.002061537
216 7 3 100 256000 2.002063557
17 4 3 100 8000 2.002063668
179 8 3 100 256000 2.002063921
48 2 3 100 8000 2.002068157
168 5 3 100 8000 2.002069555
174 2 3 100 8000 2.002070015
132 10 3 100 256000 2.002070118
157 7 3 100 8000 2.002071529
41 12 3 100 8000 2.002073114
65 1 3 100 8000 2.002073911
18 3 3 100 8000 2.002075484
176 1 3 100 8000 2.002075645
52 15 3 100 256000 2.002077524
213 12 3 100 8000 2.002077690
116 13 3 100 8000 2.002078799
184 5 3 100 8000 2.002079190
43 12 3 100 256000 2.002081351
74 9 3 100 256000 2.002081708
96 1 3 100 8000 2.002084302
222 9 3 100 8000 2.002086432
195 9 3 100 256000 2.002087184
133 0 3 100 256000 2.002088746
203 2 3 100 256000 2.002091855
31 9 3 100 8000 2.002093366
43 12 3 100 256000 2.002094286
91 3 3 100 256000 2.002104363
44 7 3 100 8000 2.002106219
87 8 3 100 256000 2.002110935
151 14 3 100 256000 2.002111875
255 0 3 100 8000 2.002117965
59 13 3 100 256000 2.002118636
60 2 3 100 256000 2.002120096
251 1 3 100 256000 2.002124950
204 1 3 100 256000 2.002127280
120 2 3 100 8000 2.002129652
123 10 3 100 256000 2.002130378
220 3 3 100 8000 2.002134703
26 4 3 100 8000 2.002143158
17 14 3 100 256000 2.002144251
164 5 3 100 256000 2.002145055
99 9 3 100 8000 2.002147090
124 0 3 100 8000 2.002147952
133 7 3 100 8000 2.002149782
72 2 3 100 256000 2.002150856
47 14 3 100 256000 2.002155741
206 14 3 100 8000 2.002157471
99 15 3 100 256000 2.002158156
90 6 3 100 256000 2.002167087
183 12 3 100 256000 2.002169675
243 7 3 100 8000 2.002171733
68 4 3 100 8000 2.002173318
255 12 3 100 8000 2.002173797
91 4 3 100 8000 2.002174987
205 8 3 100 256000 2.002175430
89 13 3 100 256000 2.002176294
29 15 3 100 256000 2.002177651
139 1 3 100 8000 2.002179126
24 15 3 100 8000 2.002182393
100 6 3 100 256000 2.002184361
216 2 3 100 256000 2.002189996
219 0 3 100 256000 2.002190427
130 6 3 100 8000 2.002191843
254 2 3 100 8000 2.002201547
185 12 3 100 256000 2.002202741
77 2 3 100 256000 2.002202781
36 0 3 100 8000 2.002204021
246 7 3 100 256000 2.002204071
113 7 3 100 256000 2.002205146
125 14 3 100 256000 2.002206104
147 4 3 100 8000 2.002209734
101 15 3 100 8000 2.002212792
85 0 3 100 8000 2.002214063
178 2 3 100 256000 2.002214277
89 1 3 100 8000 2.002226066
140 9 3 100 8000 2.002226813
25 14 3 100 8000 2.002229344
66 9 3 100 256000 2.002230289
218 13 3 100 8000 2.002232950
19 10 3 100 8000 2.002233784
246 15 3 100 256000 2.002234725
179 0 3 100 256000 2.002235623
30 13 3 100 8000 2.002237961
109 12 3 100 256000 2.002240040
164 0 3 100 256000 2.002246336
168 7 3 100 8000 2.002248127
237 12 3 100 8000 2.002248804
209 13 3 100 8000 2.002252921
89 12 3 100 8000 2.002255865
29 8 3 100 256000 2.002257796
69 11 3 100 8000 2.002257952
100 1 3 100 256000 2.002258930
77 4 3 100 256000 2.002260704
80 15 3 100 8000 2.002260915
195 1 3 100 256000 2.002270484
208 6 3 100 256000 2.002274736
237 12 3 100 8000 2.002275386
197 4 3 100 256000 2.002275775
137 13 3 100 256000 2.002277479
150 1 3 100 256000 2.002277624
109 10 3 100 8000 2.002282530
228 1 3 100 256000 2.002282995
82 11 3 100 8000 2.002287475
171 3 3 100 256000 2.002292999
133 1 3 100 8000 2.002295784
179 2 3 100 8000 2.002296486
52 8 3 100 8000 2.002296648
199 15 3 100 8000 2.002299517
97 3 3 100 8000 2.002301807
68 10 3 100 8000 2.002302430
123 1 3 100 256000 2.002303703
44 6 3 100 256000 2.002307936
129 5 3 100 256000 2.002311087
32 9 3 100 256000 2.002314045
219 12 3 100 256000 2.002314491
148 7 3 100 256000 2.002315395
23 14 3 100 256000 2.002315943
159 4 3 100 256000 2.002316507
68 5 3 100 256000 2.002320252
45 0 3 100 8000 2.002320355
128 14 3 100 8000 2.002321906
157 7 3 100 8000 2.002323654
25 3 3 100 8000 2.002325832
162 8 3 100 8000 2.002326427
202 9 3 100 8000 2.002331026
32 5 3 100 256000 2.002331211
142 5 3 100 256000 2.002334580
35 5 3 100 8000 2.002340880
175 13 3 100 256000 2.002344125
224 10 3 100 8000 2.002344489
114 3 3 100 256000 2.002357974
245 5 3 100 8000 2.002360099
241 4 3 100 256000 2.002367925
41 9 3 100 8000 2.002368017
18 1 3 100 8000 2.002369931
179 15 3 100 8000 2.002373381
82 10 3 100 256000 2.002379136
245 14 3 100 256000 2.002379192
128 14 3 100 8000 2.002380791
253 2 3 100 256000 2.002380842
185 14 3 100 256000 2.002398860
89 13 3 100 8000 2.002401295
77 4 3 100 8000 2.002405789
104 12 3 100 8000 2.002405929
136 10 3 100 8000 2.002406944
68 5 3 100 8000 2.002407623
131 5 3 100 8000 2.002407973
99 1 3 100 256000 2.002408805
118 10 3 100 8000 2.002409571
140 11 3 100 256000 2.002411024
39 11 3 100 256000 2.002415719
198 3 3 100 256000 2.002419338
173 4 3 100 8000 2.002429980
115 1 3 100 256000 2.002437799
42 10 3 100 8000 2.002440662
92 12 3 100 256000 2.002448789
77 6 3 100 8000 2.002451230
89 4 3 100 8000 2.002454527
22 4 3 100 8000 2.002461331
206 6 3 100 8000 2.002464370
105 2 3 100 8000 2.002464459
235 6 3 100 256000 2.002466032
175 4 3 100 256000 2.002466370
74 10 3 100 8000 2.002466660
121 3 3 100 8000 2.002468182
243 8 3 100 256000 2.002470479
46 1 3 100 256000 2.002475114
41 14 3 100 8000 2.002475858
206 5 3 100 256000 2.002476226
123 5 3 100 8000 2.002477895
30 4 3 100 8000 2.002480273
239 9 3 100 8000 2.002483797
174 2 3 100 256000 2.002484287
31 6 3 100 256000 2.002485055
240 8 3 100 256000 2.002485341
221 8 3 100 256000 2.002487565
178 0 3 100 256000 2.002495060
63 0 3 100 256000 2.002495342
180 15 3 100 8000 2.002497410
151 13 3 100 8000 2.002501020
93 15 3 100 8000 2.002510057
85 8 3 100 8000 2.002511166
131 0 3 100 256000 2.002511663
64 3 3 100 8000 2.002516212
192 10 3 100 8000 2.002522330
21 2 3 100 8000 2.002522526
202 11 3 100 256000 2.002525872
229 3 3 100 256000 2.002527284
209 0 3 100 256000 2.002531259
71 0 3 100 256000 2.002531707
140 11 3 100 256000 2.002545364
84 13 3 100 256000 2.002549070
174 2 3 100 8000 2.002553454
90 12 3 100 8000 2.002554149
249 0 3 100 256000 2.002563359
144 10 3 100 256000 2.002563570
25 15 3 100 8000 2.002563819
30 12 3 100 256000 2.002566387
194 3 3 100 256000 2.002567366
149 1 3 100 256000 2.002567520
144 7 3 100 256000 2.002579085
200 2 3 100 256000 2.002580049
17 2 3 100 256000 2.002581940
214 12 3 100 8000 2.002585374
77 13 3 100 8000 2.002585940
91 6 3 100 8000 2.002586640
251 6 3 100 256000 2.002587089
111 11 3 100 8000 2.002589463
228 13 3 100 8000 2.002592493
27 6 3 100 256000 2.002594795
88 12 3 100 256000 2.002597132
90 2 3 100 256000 2.002599091
193 2 3 100 8000 2.002604877
183 1 3 100 8000 2.002605100
114 5 3 100 256000 2.002607579
174 6 3 100 8000 2.002609989
135 12 3 100 8000 2.002612037
194 12 3 100 256000 2.002614458
124 10 3 100 256000 2.002615159
111 5 3 100 8000 2.002616587
211 7 3 100 256000 2.002623042
199 5 3 100 8000 2.002625777
63 10 3 100 8000 2.002626143
144 1 3 100 256000 2.002627881
178 4 3 100 256000 2.002629320
81 1 3 100 256000 2.002629454
253 14 3 100 8000 2.002630988
189 15 3 100 8000 2.002631830
52 2 3 100 8000 2.002632939
143 12 3 100 256000 2.002633102
182 3 3 100 8000 2.002635370
111 14 3 100 256000 2.002641237
177 13 3 100 256000 2.002645440
136 14 3 100 8000 2.002652260
222 4 3 100 8000 2.002655344
195 13 3 100 256000 2.002661337
104 2 3 100 8000 2.002662656
129 6 3 100 256000 2.002670971
67 13 3 100 8000 2.002671217
236 4 3 100 256000 2.002673012
217 2 3 100 256000 2.002674210
79 14 3 100 256000 2.002676678
157 8 3 100 8000 2.002679867
74 9 3 100 8000 2.002682565
242 15 3 100 8000 2.002684534
66 13 3 100 256000 2.002686799
48 14 3 100 8000 2.002691770
196 9 3 100 8000 2.002694196
143 9 3 100 256000 2.002694959
180 5 3 100 256000 2.002697447
119 10 3 100 256000 2.002697574
223 4 3 100 8000 2.002701927
75 2 3 100 8000 2.002704386
185 12 3 100 256000 2.002704617
201 13 3 100 256000 2.002704641
17 5 3 100 8000 2.002705059
194 7 3 100 8000 2.002705620
101 8 3 100 8000 2.002708569
181 4 3 100 8000 2.002710347
108 3 3 100 8000 2.002711174
58 7 3 100 256000 2.002720163
221 11 3 100 256000 2.002721171
56 9 3 100 256000 2.002721535
236 5 3 100 256000 2.002722720
140 13 3 100 256000 2.002726755
148 10 3 100 8000 2.002727164
116 2 3 100 256000 2.002727303
168 11 3 100 8000 2.002729848
63 13 3 100 8000 2.002730473
111 6 3 100 8000 2.002735643
177 14 3 100 256000 2.002740168
164 0 3 100 256000 2.002751783
23 15 3 100 8000 2.002760731
219 5 3 100 256000 2.002762758
37 10 3 100 8000 2.002767837
174 6 3 100 256000 2.002769604
104 3 3 100 8000 2.002775138
123 12 3 100 256000 2.002776468
230 7 3 100 256000 2.002778061
214 4 3 100 256000 2.002778196
25 8 3 100 8000 2.002782901
91 10 3 100 256000 2.002791013
223 0 3 100 8000 2.002795244
185 14 3 100 8000 2.002796677
228 5 3 100 256000 2.002802057
176 8 3 100 256000 2.002802920
66 13 3 100 256000 2.002806216
187 11 3 100 8000 2.002807512
102 12 3 100 256000 2.002809310
195 0 3 100 256000 2.002811001
71 11 3 100 256000 2.002811079
103 13 3 100 256000 2.002818590
97 3 3 100 8000 2.002819412
55 14 3 100 8000 2.002820471
97 9 3 100 8000 2.002826176
70 11 3 100 256000 2.002828057
149 11 3 100 256000 2.002828868
46 11 3 100 256000 2.002832410
112 5 3 100 8000 2.002833901
66 6 3 100 256000 2.002835285
220 6 3 100 256000 2.002836516
46 0 3 100 256000 2.002837008
232 3 3 100 256000 2.002840836
73 7 3 100 8000 2.002842594
145 2 3 100 256000 2.002843969
19 11 3 100 8000 2.002851393
94 8 3 100 8000 2.002852456
224 11 3 100 256000 2.002853487
182 11 3 100 8000 2.002854740
54 5 3 100 256000 2.002857708
193 11 3 100 8000 2.002857845
125 8 3 100 256000 2.002876233
163 14 3 100 8000 2.002878245
237 13 3 100 8000 2.002878623
223 4 3 100 256000 2.002879421
119 1 3 100 8000 2.002881895
173 15 3 100 8000 2.002883047
181 8 3 100 8000 2.002886619
103 13 3 100 256000 2.002893106
108 12 3 100 8000 2.002893506
29 15 3 100 8000 2.002898394
171 3 3 100 256000 2.002898760
46 0 3 100 8000 2.002900700
60 13 3 100 8000 2.002905204
192 12 3 100 8000 2.002905433
97 6 3 100 256000 2.002907937
88 11 3 100 256000 2.002908133
215 9 3 100 8000 2.002910065
19 6 3 100 256000 2.002910461
195 2 3 100 256000 2.002917770
91 4 3 100 256000 2.002929643
228 6 3 100 256000 2.002930755
192 8 3 100 8000 2.002932569
170 6 3 100 8000 2.002933912
243 0 3 100 8000 2.002935493
42 8 3 100 256000 2.002936377
253 3 3 100 256000 2.002938484
218 1 3 100 8000 2.002940207
55 8 3 100 256000 2.002940626
248 6 3 100 8000 2.002942801
228 13 3 100 256000 2.002943865
204 12 3 100 8000 2.002943891
68 9 3 100 8000 2.002945147
225 7 3 100 256000 2.002946499
53 9 3 100 8000 2.002947784
233 14 3 100 256000 2.002949019
251 13 3 100 8000 2.002949958
104 12 3 100 8000 2.002950227
74 12 3 100 8000 2.002950656
52 6 3 100 256000 2.002955063
63 14 3 100 8000 2.002957813
210 8 3 100 8000 2.002958257
227 9 3 100 256000 2.002963013
241 9 3 100 256000 2.002965396
238 12 3 100 256000 2.002965875
246 10 3 100 8000 2.002967370
217 8 3 100 256000 2.002969044
100 0 3 100 256000 2.002969102
30 3 3 100 8000 2.002973627
89 6 3 100 256000 2.002977326
156 6 3 100 8000 2.002979806
109 12 3 100 256000 2.002981001
90 9 3 100 256000 2.002987509
249 4 3 100 256000 2.002995760
79 6 3 100 8000 2.003000698
95 15 3 100 8000 2.003000774
175 8 3 100 8000 2.003001889
25 11 3 100 256000 2.003017844
254 4 3 100 256000 2.003018109
98 9 3 100 256000 2.003021521
182 11 3 100 256000 2.003023118
177 2 3 100 8000 2.003025854
39 4 3 100 8000 2.003030455
90 15 3 100 256000 2.003030719
154 6 3 100 8000 2.003031028
168 4 3 100 256000 2.003031866
200 1 3 100 8000 2.003034783
212 8 3 100 8000 2.003035122
194 5 3 100 8000 2.003038549
162 4 3 100 8000 2.003040914
43 3 3 100 8000 2.003043367
63 10 3 100 256000 2.003047323
160 13 3 100 256000 2.003048719
125 15 3 100 8000 2.003051266
82 7 3 100 256000 2.003058155
20 5 3 100 8000 2.003060460
136 3 3 100 8000 2.003061046
187 5 3 100 8000 2.003065570
241 0 3 100 8000 2.003068437
81 13 3 100 8000 2.003068854
43 2 3 100 256000 2.003071264
93 11 3 100 8000 2.003076533
133 1 3 100 256000 2.003078889
160 0 3 100 256000 2.003081338
227 9 3 100 8000 2.003084691
209 2 3 100 256000 2.003086590
161 13 3 100 256000 2.003087052
182 9 3 100 256000 2.003089161
191 13 3 100 256000 2.003090517
21 2 3 100 256000 2.003091956
105 5 3 100 256000 2.003094215
83 5 3 100 256000 2.003094780
158 4 3 100 8000 2.003095588
113 14 3 100 8000 2.003096085
124 9 3 100 8000 2.003103965
79 6 3 100 8000 2.003104651
93 7 3 100 256000 2.003106204
93 1 3 100 256000 2.003111670
111 3 3 100 8000 2.003113489
46 4 3 100 256000 2.003114211
68 5 3 100 256000 2.003118341
139 4 3 100 8000 2.003118458
50 1 3 100 256000 2.003120086
213 13 3 100 8000 2.003120645
246 3 3 100 256000 2.003121848
86 11 3 100 8000 2.003126152
19 8 3 100 8000 2.003127129
100 0 3 100 8000 2.003128067
28 11 3 100 8000 2.003130984
53 12 3 100 256000 2.003132468
80 5 3 100 256000 2.003133156
92 11 3 100 256000 2.003134455
200 10 3 100 8000 2.003134648
253 13 3 100 256000 2.003137867
74 4 3 100 8000 2.003137955
57 12 3 100 8000 2.003139091
209 5 3 100 256000 2.003140100
158 1 3 100 8000 2.003140211
102 8 3 100 256000 2.003140978
246 0 3 100 8000 2.003141592
141 2 3 100 8000 2.003142754
245 9 3 100 8000 2.003142954
26 13 3 100 8000 2.003143398
157 7 3 100 8000 2.003144101
196 9 3 100 8000 2.003150567
140 3 3 100 256000 2.003155095
152 1 3 100 256000 2.003157229
112 7 3 100 8000 2.003158585
73 11 3 100 256000 2.003165820
69 6 3 100 8000 2.003166597
199 9 3 100 256000 2.003168396
48 12 3 100 256000 2.003169014
79 11 3 100 256000 2.003173549
113 6 3 100 8000 2.003174878
201 7 3 100 256000 2.003177189
164 8 3 100 8000 2.003181495
27 11 3 100 256000 2.003182402
182 11 3 100 256000 2.003186918
117 14 3 100 8000 2.003187572
150 3 3 100 256000 2.003189931
25 11 3 100 256000 2.003191262
193 8 3 100 8000 2.003194192
18 13 3 100 256000 2.003199317
156 0 3 100 8000 2.003199341
175 13 3 100 8000 2.003200914
170 2 3 100 256000 2.003203730
62 7 3 100 8000 2.003203996
57 13 3 100 8000 2.003212910
232 1 3 100 8000 2.003216708
242 4 3 100 256000 2.003217629
226 3 3 100 8000 2.003218284
146 15 3 100 256000 2.003220082
115 11 3 100 8000 2.003221711
85 8 3 100 256000 2.003221818
185 10 3 100 256000 2.003222381
22 0 3 100 256000 2.003223588
171 6 3 100 8000 2.003223910
97 3 3 100 256000 2.003223919
25 9 3 100 8000 2.003224068
189 0 3 100 8000 2.003226502
177 15 3 100 256000 2.003230031
74 0 3 100 8000 2.003232055
126 6 3 100 256000 2.003232758
163 10 3 100 256000 2.003232911
229 0 3 100 256000 2.003238155
176 13 3 100 256000 2.003238163
24 2 3 100 256000 2.003239399
154 9 3 100 256000 2.003241606
228 13 3 100 8000 2.003244269
17 13 3 100 256000 2.003248206
119 11 3 100 8000 2.003248381
100 3 3 100 256000 2.003252281
111 10 3 100 8000 2.003257781
98 13 3 100 256000 2.003258217
184 8 3 100 256000 2.003260431
114 15 3 100 256000 2.003263196
54 15 3 100 256000 2.003265278
140 2 3 100 256000 2.003265383
117 8 3 100 8000 2.003265950
38 6 3 100 256000 2.003268241
215 9 3 100 8000 2.003271238
68 6 3 100 8000 2.003273193
47 15 3 100 8000 2.003277937
115 9 3 100 256000 2.003280990
94 5 3 100 8000 2.003288731
224 6 3 100 8000 2.003292243
75 3 3 100 8000 2.003302124
79 11 3 100 8000 2.003306597
155 8 3 100 8000 2.003312872
218 10 3 100 8000 2.003326569
25 15 3 100 8000 2.003331346
60 14 3 100 256000 2.003333257
104 6 3 100 256000 2.003335604
224 0 3 100 8000 2.003336204
255 12 3 100 256000 2.003336380
214 10 3 100 256000 2.003340031
162 1 3 100 256000 2.003340921
112 3 3 100 256000 2.003341906
108 6 3 100 8000 2.003343110
174 3 3 100 8000 2.003349618
135 4 3 100 256000 2.003354111
242 13 3 100 256000 2.003354448
58 11 3 100 256000 2.003356167
146 4 3 100 256000 2.003361382
166 10 3 100 8000 2.003370116
80 14 3 100 8000 2.003371716
209 7 3 100 256000 2.003374346
231 7 3 100 8000 2.003377176
173 4 3 100 256000 2.003377354
243 6 3 100 256000 2.003380473
174 1 3 100 256000 2.003389369
205 7 3 100 8000 2.003389444
243 0 3 100 8000 2.003393492
243 11 3 100 256000 2.003396691
187 1 3 100 256000 2.003397303
185 2 3 100 256000 2.003405228
172 11 3 100 256000 2.003408820
236 4 3 100 256000 2.003409319
64 7 3 100 256000 2.003413679
72 14 3 100 8000 2.003415036
115 8 3 100 256000 2.003419894
132 13 3 100 256000 2.003422526
113 5 3 100 8000 2.003426888
73 14 3 100 256000 2.003427161
207 0 3 100 8000 2.003437387
198 1 3 100 8000 2.003445046
201 0 3 100 8000 2.003446585
41 9 3 100 8000 2.003447348
199 6 3 100 256000 2.003451335
48 7 3 100 8000 2.003451607
32 6 3 100 8000 2.003455324
126 15 3 100 256000 2.003456345
133 0 3 100 8000 2.003456532
205 7 3 100 256000 2.003461646
20 9 3 100 256000 2.003465099
87 15 3 100 256000 2.003471906
154 10 3 100 8000 2.003476047
27 12 3 100 256000 2.003481002
174 0 3 100 256000 2.003482761
126 2 3 100 8000 2.003497643
184 9 3 100 256000 2.003500271
36 10 3 100 256000 2.003503293
226 9 3 100 256000 2.003503617
185 15 3 100 256000 2.003504172
49 14 3 100 256000 2.003504914
25 0 3 100 256000 2.003506158
66 12 3 100 256000 2.003512254
142 3 3 100 8000 2.003514554
201 3 3 100 8000 2.003515008
164 5 3 100 8000 2.003515193
64 7 3 100 8000 2.003527575
89 4 3 100 256000 2.003534545
142 10 3 100 8000 2.003536651
182 12 3 100 8000 2.003539386
203 4 3 100 8000 2.003547193
102 6 3 100 256000 2.003551976
110 9 3 100 256000 2.003555816
98 1 3 100 256000 2.003556684
192 6 3 100 256000 2.003558272
67 5 3 100 256000 2.003565215
79 14 3 100 256000 2.003567251
144 2 3 100 8000 2.003569694
121 7 3 100 8000 2.003571012
56 1 3 100 8000 2.003576427
58 9 3 100 256000 2.003578479
88 12 3 100 256000 2.003578658
87 13 3 100 256000 2.003580780
252 12 3 100 8000 2.003581662
25 8 3 100 256000 2.003582496
252 9 3 100 256000 2.003592843
228 2 3 100 8000 2.003593238
148 10 3 100 256000 2.003595114
116 11 3 100 256000 2.003608558
16 3 3 100 8000 2.003610936
79 15 3 100 8000 2.003613026
207 10 3 100 8000 2.003614703
86 6 3 100 8000 2.003621853
209 14 3 100 256000 2.003623090
99 2 3 100 8000 2.003624101
129 5 3 100 8000 2.003632303
174 9 3 100 256000 2.003633578
180 6 3 100 256000 2.003638913
224 0 3 100 256000 2.003643013
164 5 3 100 256000 2.003644858
173 13 3 100 256000 2.003647970
215 7 3 100 8000 2.003648979
77 10 3 100 256000 2.003650420
107 13 3 100 8000 2.003653154
197 9 3 100 256000 2.003655717
106 10 3 100 8000 2.003657617
104 0 3 100 8000 2.003657639
211 12 3 100 8000 2.003657756
58 11 3 100 8000 2.003657769
51 5 3 100 8000 2.003661115
184 7 3 100 256000 2.003666680
235 12 3 100 8000 2.003666869
35 1 3 100 8000 2.003670219
231 7 3 100 256000 2.003672675
67 13 3 100 256000 2.003678089
22 13 3 100 8000 2.003685604
76 3 3 100 8000 2.003687098
119 13 3 100 256000 2.003687839
98 9 3 100 8000 2.003691578
172 6 3 100 8000 2.003696225
156 11 3 100 256000 2.003698853
66 1 3 100 8000 2.003701754
228 9 3 100 8000 2.003704679
19 2 3 100 256000 2.003709934
202 15 3 100 8000 2.003710889
33 12 3 100 256000 2.003718536
243 5 3 100 8000 2.003720186
25 2 3 100 8000 2.003731514
208 12 3 100 256000 2.003734582
213 8 3 100 256000 2.003742331
36 13 3 100 256000 2.003742479
22 4 3 100 8000 2.003745603
79 3 3 100 8000 2.003745715
150 1 3 100 8000 2.003755481
171 12 3 100 256000 2.003762384
130 4 3 100 256000 2.003763449
253 12 3 100 256000 2.003765725
18 0 3 100 256000 2.003770070
94 0 3 100 256000 2.003771355
167 14 3 100 8000 2.003773954
175 2 3 100 256000 2.003781254
174 12 3 100 256000 2.003784085
42 3 3 100 256000 2.003784152
253 3 3 100 256000 2.003784443
89 14 3 100 8000 2.003788563
208 4 3 100 8000 2.003789885
250 12 3 100 8000 2.003790351
203 13 3 100 256000 2.003791949
119 3 3 100 8000 2.003795979
123 4 3 100 8000 2.003802300
52 5 3 100 8000 2.003803138
204 14 3 100 256000 2.003804360
160 5 3 100 8000 2.003804643
226 4 3 100 8000 2.003805382
134 11 3 100 8000 2.003809868
44 4 3 100 8000 2.003811066
39 15 3 100 8000 2.003813230
69 2 3 100 8000 2.003815522
182 6 3 100 8000 2.003815919
42 3 3 100 256000 2.003816828
26 10 3 100 256000 2.003818279
116 6 3 100 256000 2.003831944
84 2 3 100 8000 2.003832672
86 9 3 100 256000 2.003837015
27 8 3 100 8000 2.003839344
86 6 3 100 256000 2.003844741
47 0 3 100 8000 2.003847158
223 7 3 100 8000 2.003849672
24 11 3 100 8000 2.003852928
153 6 3 100 256000 2.003854173
42 15 3 100 256000 2.003855959
79 11 3 100 8000 2.003863973
51 13 3 100 256000 2.003870448
240 1 3 100 256000 2.003881946
43 13 3 100 8000 2.003888301
143 9 3 100 256000 2.003893363
113 15 3 100 8000 2.003895620
74 11 3 100 8000 2.003899435
229 12 3 100 256000 2.003900419
66 0 3 100 256000 2.003905864
122 4 3 100 8000 2.003908399
213 7 3 100 8000 2.003909685
184 15 3 100 8000 2.003917775
29 15 3 100 256000 2.003920265
206 3 3 100 8000 2.003921590
58 0 3 100 8000 2.003924980
235 11 3 100 8000 2.003929810
152 7 3 100 8000 2.003933278
24 5 3 100 256000 2.003937670
228 6 3 100 8000 2.003938102
20 11 3 100 8000 2.003939012
57 12 3 100 8000 2.003940066
237 7 3 100 8000 2.003940660
74 11 3 100 256000 2.003940980
242 9 3 100 8000 2.003941980
128 1 3 100 256000 2.003951696
71 9 3 100 256000 2.003953352
207 7 3 100 256000 2.003957340
152 14 3 100 256000 2.003959432
204 15 3 100 8000 2.003961237
96 11 3 100 8000 2.003965262
56 14 3 100 256000 2.003977758
152 12 3 100 256000 2.003977878
42 14 3 100 256000 2.003982554
46 4 3 100 8000 2.003985742
208 15 3 100 8000 2.003987250
216 10 3 100 8000 2.003992277
29 9 3 100 256000 2.003995008
131 8 3 100 8000 2.004002186
65 13 3 100 8000 2.004002202
201 1 3 100 8000 2.004006333
183 14 3 100 8000 2.004006423
246 11 3 100 8000 2.004010878
127 5 3 100 8000 2.004016760
125 3 3 100 8000 2.004018738
215 10 3 100 256000 2.004021442
201 8 3 100 256000 2.004028362
245 11 3 100 256000 2.004030105
32 2 3 100 8000 2.004032531
89 9 3 100 8000 2.004035736
226 14 3 100 8000 2.004036839
210 6 3 100 8000 2.004043655
18 3 3 100 256000 2.004048396
103 8 3 100 256000 2.004057522
234 12 3 100 256000 2.004059691
237 0 3 100 8000 2.004059945
234 6 3 100 256000 2.004067358
135 4 3 100 256000 2.004068983
130 10 3 100 8000 2.004079154
224 13 3 100 256000 2.004081574
110 6 3 100 256000 2.004081647
26 12 3 100 8000 2.004083595
32 3 3 100 8000 2.004090640
20 0 3 100 256000 2.004090858
40 1 3 100 8000 2.004091401
26 5 3 100 8000 2.004091766
204 11 3 100 8000 2.004091858
244 5 3 100 256000 2.004091924
201 4 3 100 8000 2.004095656
229 14 3 100 256000 2.004096344
51 1 3 100 256000 2.004098263
243 3 3 100 256000 2.004099472
191 15 3 100 8000 2.004100381
164 8 3 100 8000 2.004104079
211 10 3 100 256000 2.004105676
179 8 3 100 256000 2.004106078
196 1 3 100 8000 2.004108558
179 2 3 100 256000 2.004109810
61 5 3 100 256000 2.004114032
156 4 3 100 8000 2.004116270
78 2 3 100 256000 2.004118761
61 4 3 100 8000 2.004119857
245 0 3 100 256000 2.004121484
40 14 3 100 8000 2.004122576
103 6 3 100 256000 2.004126071
16 0 3 100 256000 2.004126184
128 4 3 100 256000 2.004126468
228 10 3 100 256000 2.004129244
67 8 3 100 256000 2.004130910
36 3 3 100 8000 2.004132058
170 11 3 100 256000 2.004134812
102 12 3 100 8000 2.004141214
174 5 3 100 256000 2.004146656
94 1 3 100 256000 2.004148893
227 1 3 100 256000 2.004154296
249 8 3 100 8000 2.004156614
210 5 3 100 256000 2.004159206
246 1 3 100 256000 2.004162926
45 13 3 100 8000 2.004171786
116 1 3 100 8000 2.004172401
214 12 3 100 8000 2.004176933
189 12 3 100 256000 2.004179964
144 13 3 100 8000 2.004180987
152 4 3 100 8000 2.004182198
212 15 3 100 256000 2.004183890
253 10 3 100 8000 2.004195119
199 0 3 100 256000 2.004196695
97 11 3 100 8000 2.004204384
107 1 3 100 256000 2.004204879
195 15 3 100 256000 2.004205755
57 4 3 100 256000 2.004209936
228 2 3 100 8000 2.004214971
61 14 3 100 256000 2.004219636
223 8 3 100 8000 2.004224481
172 7 3 100 8000 2.004227425
23 1 3 100 256000 2.004228239
255 7 3 100 256000 2.004237060
85 6 3 100 256000 2.004237525
104 0 3 100 256000 2.004240231
81 7 3 100 8000 2.004242343
97 10 3 100 256000 2.004253452
68 15 3 100 256000 2.004260178
174 14 3 100 8000 2.004263471
182 10 3 100 256000 2.004272195
117 12 3 100 256000 2.004272384
255 3 3 100 8000 2.004273153
175 11 3 100 8000 2.004273272
168 2 3 100 256000 2.004274062
180 4 3 100 8000 2.004275335
228 12 3 100 8000 2.004275439
145 15 3 100 256000 2.004277488
88 13 3 100 256000 2.004287810
64 11 3 100 256000 2.004294517
90 5 3 100 256000 2.004296067
67 6 3 100 256000 2.004296278
167 11 3 100 8000 2.004298663
128 13 3 100 8000 2.004302198
91 11 3 100 8000 2.004302452
101 3 3 100 8000 2.004303358
135 2 3 100 256000 2.004309810
193 15 3 100 256000 2.004310475
78 14 3 100 256000 2.004316566
174 8 3 100 256000 2.004322334
42 1 3 100 256000 2.004322404
90 4 3 100 256000 2.004322660
228 0 3 100 8000 2.004323295
156 0 3 100 256000 2.004325749
112 7 3 100 8000 2.004326414
75 7 3 100 8000 2.004330494
44 12 3 100 8000 2.004330680
92 9 3 100 8000 2.004341212
167 5 3 100 8000 2.004342096
41 10 3 100 8000 2.004342343
190 11 3 100 8000 2.004345073
52 4 3 100 256000 2.004345689
61 0 3 100 256000 2.004359855
147 5 3 100 8000 2.004360362
238 10 3 100 256000 2.004361027
82 10 3 100 8000 2.004366871
235 8 3 100 8000 2.004371949
50 0 3 100 256000 2.004378517
130 11 3 100 8000 2.004381234
88 15 3 100 8000 2.004385751
194 7 3 100 256000 2.004392773
207 5 3 100 256000 2.004393449
198 4 3 100 8000 2.004398823
73 12 3 100 8000 2.004403157
229 15 3 100 256000 2.004405186
37 14 3 100 8000 2.004406706
132 9 3 100 256000 2.004410389
26 13 3 100 256000 2.004411628
108 5 3 100 8000 2.004416244
108 3 3 100 256000 2.004417497
190 1 3 100 256000 2.004421849
139 10 3 100 8000 2.004426721
90 3 3 100 256000 2.004430823
125 7 3 100 8000 2.004431270
68 6 3 100 256000 2.004434161
72 12 3 100 256000 2.004439021
195 7 3 100 256000 2.004443141
83 3 3 100 8000 2.004444565
83 11 3 100 256000 2.004450891
22 11 3 100 256000 2.004451274
141 7 3 100 256000 2.004452220
255 9 3 100 8000 2.004457426
253 11 3 100 256000 2.004458111
103 2 3 100 256000 2.004458278
148 6 3 100 8000 2.004462702
105 15 3 100 256000 2.004463383
88 6 3 100 256000 2.004467763
124 8 3 100 256000 2.004468456
134 5 3 100 8000 2.004476211
115 11 3 100 256000 2.004482928
255 1 3 100 256000 2.004485097
122 13 3 100 256000 2.004485812
48 2 3 100 256000 2.004486134
57 13 3 100 8000 2.004486326
137 11 3 100 256000 2.004493684
56 12 3 100 8000 2.004493912
234 7 3 100 8000 2.004494565
89 12 3 100 8000 2.004499311
177 11 3 100 8000 2.004502924
180 10 3 100 256000 2.004513711
89 14 3 100 8000 2.004518003
85 3 3 100 256000 2.004519310
55 8 3 100 256000 2.004519435
203 14 3 100 8000 2.004521196
220 13 3 100 256000 2.004521266
66 7 3 100 8000 2.004522802
234 0 3 100 8000 2.004523494
126 13 3 100 8000 2.004530598
254 6 3 100 8000 2.004532947
128 2 3 100 8000 2.004534245
155 6 3 100 256000 2.004537951
160 11 3 100 256000 2.004541829
142 7 3 100 8000 2.004545539
174 4 3 100 8000 2.004548442
95 8 3 100 256000 2.004548744
187 7 3 100 8000 2.004554958
240 7 3 100 256000 2.004558193
35 14 3 100 256000 2.004569259
163 8 3 100 8000 2.004575464
147 7 3 100 8000 2.004581668
213 2 3 100 256000 2.004583971
119 7 3 100 256000 2.004584596
239 2 3 100 256000 2.004585623
56 15 3 100 8000 2.004585624
28 5 3 100 8000 2.004586231
142 6 3 100 8000 2.004587958
25 1 3 100 256000 2.004590931
220 5 3 100 256000 2.004591171
66 15 3 100 256000 2.004591865
68 0 3 100 256000 2.004595358
91 4 3 100 8000 2.004597065
103 3 3 100 8000 2.004597358
72 3 3 100 8000 2.004604488
105 0 3 100 8000 2.004607753
19 0 3 100 8000 2.004608031
205 7 3 100 8000 2.004612132
25 13 3 100 8000 2.004612645
19 9 3 100 256000 2.004613026
174 2 3 100 256000 2.004613784
94 4 3 100 8000 2.004617172
75 2 3 100 8000 2.004618320
201 10 3 100 8000 2.004619796
140 14 3 100 8000 2.004622791
54 4 3 100 256000 2.004623515
119 3 3 100 8000 2.004627193
168 15 3 100 256000 2.004631054
142 3 3 100 8000 2.004637020
180 6 3 100 256000 2.004640008
196 5 3 100 8000 2.004640805
142 1 3 100 8000 2.004646254
127 0 3 100 8000 2.004661009
254 10 3 100 256000 2.004668198
71 7 3 100 256000 2.004672460
228 5 3 100 8000 2.004672831
106 13 3 100 256000 2.004673050
76 0 3 100 8000 2.004677175
176 15 3 100 8000 2.004683232
91 10 3 100 8000 2.004684261
38 15 3 100 8000 2.004685414
133 4 3 100 8000 2.004685917
78 14 3 100 8000 2.004686695
59 5 3 100 256000 2.004690700
217 15 3 100 8000 2.004692511
55 11 3 100 256000 2.004695105
170 6 3 100 8000 2.004699468
158 2 3 100 256000 2.004708715
87 8 3 100 8000 2.004710665
237 13 3 100 8000 2.004716625
239 9 3 100 256000 2.004716646
95 6 3 100 8000 2.004719625
110 3 3 100 8000 2.004720020
197 7 3 100 256000 2.004723254
28 14 3 100 8000 2.004724377
81 6 3 100 256000 2.004725755
52 10 3 100 8000 2.004727789
146 15 3 100 8000 2.004740041
61 8 3 100 8000 2.004740821
183 12 3 100 256000 2.004741180
192 10 3 100 256000 2.004746054
232 11 3 100 8000 2.004747113
92 5 3 100 256000 2.004747495
254 5 3 100 256000 2.004748207
211 11 3 100 8000 2.004751117
85 11 3 100 8000 2.004756201
226 13 3 100 8000 2.004756484
46 9 3 100 8000 2.004767884
220 7 3 100 8000 2.004768695
71 10 3 100 8000 2.004774889
176 3 3 100 256000 2.004775948
228 3 3 100 8000 2.004778615
91 15 3 100 256000 2.004787396
143 11 3 100 256000 2.004790296
224 15 3 100 8000 2.004796124
100 14 3 100 256000 2.004796173
164 0 3 100 8000 2.004797703
238 7 3 100 8000 2.004802142
241 1 3 100 8000 2.004805734
213 8 3 100 8000 2.004806327
202 3 3 100 256000 2.004807910
105 15 3 100 8000 2.004810710
178 1 3 100 8000 2.004812648
53 6 3 100 8000 2.004813124
231 3 3 100 8000 2.004815788
110 9 3 100 8000 2.004816230
39 7 3 100 256000 2.004819413
90 5 3 100 8000 2.004822146
19 12 3 100 8000 2.004822767
33 5 3 100 8000 2.004824001
114 5 3 100 256000 2.004826427
87 3 3 100 8000 2.004829317
54 8 3 100 8000 2.004832630
97 6 3 100 256000 2.004833541
25 8 3 100 256000 2.004836039
95 9 3 100 8000 2.004843406
104 5 3 100 256000 2.004849901
16 3 3 100 8000 2.004850945
241 13 3 100 8000 2.004852931
95 8 3 100 8000 2.004854914
88 3 3 100 8000 2.004854924
140 0 3 100 8000 2.004858226
33 13 3 100 8000 2.004858660
32 13 3 100 8000 2.004859329
91 10 3 100 256000 2.004864599
87 11 3 100 256000 2.004866196
192 12 3 100 256000 2.004873451
133 8 3 100 256000 2.004874990
66 7 3 100 256000 2.004878759
201 12 3 100 8000 2.004883254
242 9 3 100 256000 2.004883349
191 10 3 100 8000 2.004889885
195 1 3 100 8000 2.004893138
192 2 3 100 256000 2.004893784
73 4 3 100 8000 2.004901120
57 8 3 100 256000 2.004904174
154 11 3 100 8000 2.004904547
21 14 3 100 8000 2.004904600
20 0 3 100 8000 2.004907679
156 7 3 100 256000 2.004920235
117 11 3 100 256000 2.004920304
73 0 3 100 256000 2.004922519
151 7 3 100 8000 2.004926721
85 3 3 100 8000 2.004931626
39 4 3 100 256000 2.004931901
112 1 3 100 256000 2.004933168
128 5 3 100 8000 2.004933576
104 12 3 100 256000 2.004946651
106 12 3 100 256000 2.004950398
169 15 3 100 8000 2.004955471
240 7 3 100 8000 2.004959501
50 0 3 100 256000 2.004959936
216 12 3 100 8000 2.004964677
217 7 3 100 8000 2.004966251
205 2 3 100 8000 2.004974300
58 0 3 100 256000 2.004975187
17 4 3 100 256000 2.004976835
28 0 3 100 256000 2.004977121
171 12 3 100 256000 2.004977431
97 1 3 100 8000 2.004979248
223 3 3 100 8000 2.004981942
200 9 3 100 8000 2.004984612
32 3 3 100 256000 2.004987391
103 6 3 100 256000 2.004987524
70 12 3 100 8000 2.004988654
179 4 3 100 256000 2.004989477
120 2 3 100 256000 2.004990916
50 7 3 100 8000 2.004997333
172 3 3 100 8000 2.005001392
250 2 3 100 256000 2.005013155
63 6 3 100 8000 2.005022541
235 2 3 100 8000 2.005026298
193 6 3 100 256000 2.005031573
119 6 3 100 256000 2.005032127
22 11 3 100 256000 2.005039878
242 12 3 100 8000 2.005043162
106 13 3 100 8000 2.005051641
62 6 3 100 256000 2.005056606
127 5 3 100 8000 2.005058497
151 7 3 100 256000 2.005062057
201 13 3 100 256000 2.005062115
64 8 3 100 8000 2.005062882
155 14 3 100 256000 2.005069021
121 10 3 100 256000 2.005071817
36 11 3 100 8000 2.005076030
138 0 3 100 8000 2.005076291
76 15 3 100 8000 2.005076659
193 8 3 100 8000 2.005083335
165 5 3 100 256000 2.005085979
109 4 3 100 256000 2.005086654
223 15 3 100 8000 2.005093161
191 1 3 100 256000 2.005093657
195 14 3 100 8000 2.005101966
93 9 3 100 256000 2.005103858
222 6 3 100 8000 2.005108291
184 6 3 100 256000 2.005109116
75 2 3 100 256000 2.005111502
79 4 3 100 256000 2.005112825
99 10 3 100 256000 2.005113566
126 6 3 100 8000 2.005115286
40 5 3 100 8000 2.005117877
86 4 3 100 8000 2.005117898
182 9 3 100 256000 2.005121352
72 5 3 100 256000 2.005122108
227 8 3 100 8000 2.005126372
32 2 3 100 256000 2.005129952
46 1 3 100 256000 2.005131498
192 4 3 100 8000 2.005132704
233 0 3 100 256000 2.005133118
152 4 3 100 256000 2.005133976
196 3 3 100 8000 2.005134819
65 5 3 100 256000 2.005136738
155 14 3 100 256000 2.005137910
111 7 3 100 8000 2.005139966
136 3 3 100 256000 2.005140960
109 4 3 100 256000 2.005141253
126 12 3 100 8000 2.005141357
101 2 3 100 256000 2.005143997
175 8 3 100 256000 2.005148516
198 5 3 100 256000 2.005149128
244 1 3 100 256000 2.005151694
27 9 3 100 256000 2.005155353
98 8 3 100 256000 2.005158935
245 3 3 100 8000 2.005160396
210 7 3 100 256000 2.005160612
245 1 3 100 256000 2.005161610
245 13 3 100 8000 2.005162586
128 10 3 100 8000 2.005165012
158 0 3 100 256000 2.005165500
242 0 3 100 8000 2.005166233
249 7 3 100 256000 2.005175000
212 10 3 100 8000 2.005176997
25 6 3 100 8000 2.005179740
211 1 3 100 256000 2.005186378
98 6 3 100 8000 2.005187643
222 8 3 100 256000 2.005189416
184 12 3 100 256000 2.005190816
154 0 3 100 8000 2.005191290
173 7 3 100 8000 2.005192298
173 0 3 100 8000 2.005193540
114 11 3 100 256000 2.005193734
228 5 3 100 8000 2.005200264
226 14 3 100 8000 2.005205971
119 13 3 100 256000 2.005206320
34 1 3 100 256000 2.005207822
19 13 3 100 256000 2.005208094
230 2 3 100 256000 2.005211400
187 2 3 100 8000 2.005213577
36 9 3 100 8000 2.005219240
124 8 3 100 256000 2.005220378
218 1 3 100 256000 2.005226155
136 6 3 100 8000 2.005227714
187 15 3 100 256000 2.005229165
133 3 3 100 256000 2.005229886
159 2 3 100 256000 2.005234438
92 10 3 100 256000 2.005235249
185 9 3 100 256000 2.005236308
94 2 3 100 256000 2.005238422
224 0 3 100 256000 2.005239257
135 12 3 100 256000 2.005241172
111 9 3 100 256000 2.005244925
60 0 3 100 256000 2.005247170
138 15 3 100 256000 2.005250489
183 1 3 100 8000 2.005251927
245 1 3 100 8000 2.005252723
81 8 3 100 8000 2.005253391
101 15 3 100 256000 2.005258133
63 6 3 100 8000 2.005259417
171 13 3 100 8000 2.005262629
233 6 3 100 8000 2.005262730
240 4 3 100 256000 2.005265901
55 4 3 100 256000 2.005267712
232 2 3 100 256000 2.005268737
202 6 3 100 8000 2.005269961
16 6 3 100 8000 2.005272843
165 6 3 100 256000 2.005273122
202 11 3 100 256000 2.005274053
241 11 3 100 256000 2.005274279
198 15 3 100 8000 2.005280283
95 12 3 100 256000 2.005280958
144 14 3 100 8000 2.005281287
171 0 3 100 8000 2.005284317
188 4 3 100 8000 2.005284540
188 3 3 100 8000 2.005286315
159 12 3 100 8000 2.005287304
174 5 3 100 8000 2.005287873
75 9 3 100 8000 2.005288869
37 7 3 100 8000 2.005291765
226 12 3 100 256000 2.005293859
241 12 3 100 8000 2.005294266
43 12 3 100 256000 2.005294843
57 13 3 100 256000 2.005296360
172 4 3 100 256000 2.005298948
73 11 3 100 256000 2.005299749
24 10 3 100 256000 2.005300439
41 14 3 100 256000 2.005303159
216 10 3 100 256000 2.005304406
28 13 3 100 256000 2.005312758
71 3 3 100 8000 2.005316394
132 10 3 100 8000 2.005318189
116 10 3 100 8000 2.005319474
195 8 3 100 256000 2.005322241
131 1 3 100 256000 2.005323424
137 14 3 100 256000 2.005324680
189 15 3 100 256000 2.005327439
179 1 3 100 256000 2.005332069
85 13 3 100 8000 2.005332468
73 12 3 100 256000 2.005337960
200 4 3 100 8000 2.005338727
39 1 3 100 8000 2.005346172
45 14 3 100 256000 2.005352870
232 9 3 100 256000 2.005354318
250 3 3 100 8000 2.005354566
234 6 3 100 256000 2.005357553
100 5 3 100 256000 2.005359275
252 15 3 100 256000 2.005368124
140 9 3 100 8000 2.005369894
79 15 3 100 8000 2.005374071
174 6 3 100 256000 2.005374239
97 5 3 100 8000 2.005378796
151 4 3 100 8000 2.005391239
29 5 3 100 256000 2.005391614
209 14 3 100 256000 2.005393130
82 5 3 100 8000 2.005395069
164 12 3 100 8000 2.005395247
51 10 3 100 8000 2.005395508
105 11 3 100 256000 2.005400915
43 14 3 100 8000 2.005401344
129 6 3 100 8000 2.005402393
250 4 3 100 256000 2.005404432
228 4 3 100 256000 2.005405849
57 5 3 100 8000 2.005410459
61 11 3 100 8000 2.005411708
189 3 3 100 8000 2.005422245
121 13 3 100 256000 2.005424079
68 4 3 100 256000 2.005432675
203 9 3 100 256000 2.005435143
250 9 3 100 8000 2.005437568
83 1 3 100 8000 2.005438809
173 15 3 100 8000 2.005439615
177 4 3 100 256000 2.005439636
137 1 3 100 256000 2.005443735
190 9 3 100 256000 2.005444458
59 10 3 100 256000 2.005446785
19 15 3 100 256000 2.005450462
151 4 3 100 8000 2.005452398
216 11 3 100 8000 2.005454783
66 10 3 100 8000 2.005456577
19 15 3 100 8000 2.005471567
79 15 3 100 8000 2.005471688
58 12 3 100 8000 2.005477081
177 9 3 100 256000 2.005478029
188 9 3 100 8000 2.005478863
40 13 3 100 8000 2.005481488
206 7 3 100 8000 2.005486815
56 0 3 100 256000 2.005490571
124 4 3 100 8000 2.005492918
43 8 3 100 256000 2.005494071
192 8 3 100 8000 2.005497272
105 10 3 100 8000 2.005504849
138 13 3 100 256000 2.005505505
155 4 3 100 8000 2.005507700
59 7 3 100 8000 2.005508042
102 1 3 100 256000 2.005508645
208 10 3 100 8000 2.005509166
142 11 3 100 8000 2.005512159
145 0 3 100 256000 2.005514617
106 15 3 100 256000 2.005517373
95 0 3 100 8000 2.005527050
130 2 3 100 256000 2.005529151
129 10 3 100 8000 2.005530389
155 9 3 100 256000 2.005534487
73 4 3 100 256000 2.005534674
157 3 3 100 256000 2.005537573
64 1 3 100 8000 2.005542548
202 8 3 100 8000 2.005542698
209 7 3 100 256000 2.005543205
185 5 3 100 8000 2.005543410
73 9 3 100 256000 2.005551293
27 9 3 100 256000 2.005553230
172 9 3 100 256000 2.005554881
43 15 3 100 256000 2.005555302
187 11 3 100 256000 2.005561139
201 8 3 100 256000 2.005563323
68 0 3 100 256000 2.005565105
49 13 3 100 8000 2.005566767
92 2 3 100 256000 2.005568201
199 9 3 100 8000 2.005568348
37 10 3 100 8000 2.005572922
25 12 3 100 256000 2.005574075
222 13 3 100 256000 2.005581591
105 0 3 100 8000 2.005583317
123 14 3 100 256000 2.005590543
129 8 3 100 256000 2.005591203
195 11 3 100 8000 2.005592428
50 7 3 100 256000 2.005595107
58 6 3 100 8000 2.005596124
104 5 3 100 8000 2.005597636
217 15 3 100 256000 2.005598968
113 6 3 100 256000 2.005599335
66 2 3 100 8000 2.005600423
76 13 3 100 256000 2.005605916
27 12 3 100 8000 2.005616184
229 7 3 100 8000 2.005630930
247 15 3 100 8000 2.005634704
125 2 3 100 8000 2.005639574
17 6 3 100 256000 2.005640988
115 2 3 100 256000 2.005642152
222 8 3 100 256000 2.005644267
112 2 3 100 256000 2.005661473
121 8 3 100 256000 2.005669530
138 8 3 100 256000 2.005671548
154 3 3 100 256000 2.005679533
38 1 3 100 8000 2.005680135
150 3 3 100 256000 2.005682907
229 5 3 100 8000 2.005690019
202 1 3 100 256000 2.005692524
160 13 3 100 256000 2.005695747
150 6 3 100 256000 2.005696394
114 11 3 100 256000 2.005705460
61 8 3 100 256000 2.005706515
210 14 3 100 8000 2.005711196
156 5 3 100 256000 2.005715052
55 0 3 100 8000 2.005716274
164 3 3 100 8000 2.005723642
254 4 3 100 8000 2.005730204
84 1 3 100 256000 2.005730816
220 7 3 100 8000 2.005732177
119 10 3 100 8000 2.005732595
186 2 3 100 256000 2.005735581
117 3 3 100 8000 2.005738273
145 0 3 100 256000 2.005740332
207 0 3 100 256000 2.005742824
153 11 3 100 256000 2.005752707
118 11 3 100 8000 2.005752807
44 11 3 100 256000 2.005755507
39 5 3 100 8000 2.005759380
78 14 3 100 256000 2.005766743
116 4 3 100 8000 2.005768707
121 7 3 100 256000 2.005770016
210 15 3 100 8000 2.005772979
223 13 3 100 256000 2.005776308
153 7 3 100 8000 2.005778225
45 1 3 100 8000 2.005779082
237 15 3 100 256000 2.005784213
165 11 3 100 256000 2.005784765
211 15 3 100 8000 2.005785705
174 12 3 100 256000 2.005786764
117 3 3 100 256000 2.005790382
87 8 3 100 256000 2.005792170
44 2 3 100 256000 2.005807076
243 12 3 100 8000 2.005814504
53 1 3 100 8000 2.005815335
137 11 3 100 256000 2.005816180
186 0 3 100 256000 2.005818282
113 0 3 100 8000 2.005819346
145 13 3 100 8000 2.005819859
142 15 3 100 256000 2.005820252
180 10 3 100 8000 2.005822557
220 2 3 100 8000 2.005828352
93 4 3 100 8000 2.005839690
222 14 3 100 8000 2.005844898
248 0 3 100 256000 2.005845015
17 4 3 100 256000 2.005845623
158 12 3 100 256000 2.005846275
38 15 3 100 256000 2.005846469
174 8 3 100 256000 2.005849710
26 1 3 100 256000 2.005853908
161 0 3 100 256000 2.005853941
236 1 3 100 8000 2.005854197
29 2 3 100 8000 2.005855674
61 2 3 100 8000 2.005856413
62 5 3 100 256000 2.005856755
111 8 3 100 8000 2.005858687
123 14 3 100 8000 2.005860969
179 15 3 100 8000 2.005861037
217 9 3 100 256000 2.005863256
212 14 3 100 256000 2.005866400
82 0 3 100 8000 2.005870174
91 1 3 100 256000 2.005870894
108 7 3 100 8000 2.005872234
85 14 3 100 256000 2.005873988
70 8 3 100 8000 2.005874036
146 12 3 100 8000 2.005877493
72 10 3 100 8000 2.005877621
25 0 3 100 8000 2.005877685
20 7 3 100 8000 2.005882284
141 12 3 100 8000 2.005885387
232 6 3 100 8000 2.005886536
160 6 3 100 8000 2.005890591
208 5 3 100 8000 2.005891480
114 8 3 100 256000 2.005892382
164 13 3 100 256000 2.005897360
86 8 3 100 256000 2.005905164
32 12 3 100 8000 2.005906851
201 7 3 100 256000 2.005911646
16 9 3 100 256000 2.005915812
28 3 3 100 8000 2.005916664
111 2 3 100 256000 2.005919967
118 10 3 100 8000 2.005924667
149 14 3 100 8000 2.005926176
123 10 3 100 8000 2.005928084
113 4 3 100 8000 2.005933995
206 14 3 100 256000 2.005943521
148 6 3 100 8000 2.005945964
132 8 3 100 8000 2.005946529
248 0 3 100 8000 2.005947930
151 4 3 100 256000 2.005949958
105 11 3 100 8000 2.005960229
54 8 3 100 256000 2.005960569
168 1 3 100 256000 2.005960865
125 5 3 100 256000 2.005964292
66 15 3 100 8000 2.005966160
196 7 3 100 8000 2.005967016
79 15 3 100 256000 2.005970368
19 15 3 100 8000 2.005973293
209 15 3 100 256000 2.005973736
247 10 3 100 256000 2.005974437
36 11 3 100 256000 2.005974757
24 8 3 100 256000 2.005974957
65 6 3 100 256000 2.005984525
132 1 3 100 256000 2.005984744
95 15 3 100 8000 2.005985986
183 7 3 100 8000 2.005988116
197 14 3 100 256000 2.005989634
224 7 3 100 256000 2.005992328
118 6 3 100 256000 2.005993292
254 0 3 100 256000 2.005995535
174 11 3 100 256000 2.005995552
228 1 3 100 256000 2.005995942
236 9 3 100 256000 2.006000297
167 11 3 100 256000 2.006001368
149 2 3 100 256000 2.006004269
25 6 3 100 8000 2.006004439
109 12 3 100 256000 2.006010196
90 14 3 100 8000 2.006011649
248 15 3 100 256000 2.006030988
162 13 3 100 256000 2.006032549
116 12 3 100 8000 2.006038567
152 13 3 100 256000 2.006040267
85 14 3 100 8000 2.006042946
78 2 3 100 256000 2.006043028
70 6 3 100 256000 2.006043212
28 11 3 100 8000 2.006045249
127 12 3 100 8000 2.006051019
189 9 3 100 256000 2.006051556
92 1 3 100 8000 2.006056584
85 8 3 100 256000 2.006056940
177 3 3 100 8000 2.006056968
199 15 3 100 256000 2.006057819
36 3 3 100 256000 2.006059436
255 11 3 100 256000 2.006059730
185 13 3 100 8000 2.006070011
66 11 3 100 8000 2.006071475
141 9 3 100 256000 2.006072269
169 2 3 100 8000 2.006072665
144 3 3 100 256000 2.006075054
135 7 3 100 256000 2.006075371
63 8 3 100 8000 2.006077336
255 10 3 100 256000 2.006079219
48 2 3 100 256000 2.006081497
72 9 3 100 256000 2.006086513
216 13 3 100 8000 2.006087372
190 14 3 100 8000 2.006087476
79 3 3 100 8000 2.006091895
180 0 3 100 8000 2.006092620
112 9 3 100 8000 2.006093321
108 5 3 100 8000 2.006093901
245 5 3 100 8000 2.006098045
77 1 3 100 8000 2.006099474
236 14 3 100 256000 2.006103758
168 2 3 100 8000 2.006109159
240 13 3 100 256000 2.006113703
236 6 3 100 8000 2.006113772
97 10 3 100 8000 2.006115266
80 8 3 100 256000 2.006118396
35 5 3 100 256000 2.006119438
215 14 3 100 256000 2.006121394
169 7 3 100 8000 2.006128174
62 12 3 100 8000 2.006128262
139 5 3 100 256000 2.006130339
48 9 3 100 256000 2.006131932
58 7 3 100 8000 2.006133946
125 15 3 100 256000 2.006135748
244 5 3 100 256000 2.006138041
114 3 3 100 8000 2.006139874
144 1 3 100 256000 2.006142032
136 14 3 100 8000 2.006142944
161 15 3 100 256000 2.006145870
218 4 3 100 256000 2.006146364
83 4 3 100 256000 2.006146494
152 5 3 100 256000 2.006148007
133 9 3 100 256000 2.006160417
203 15 3 100 8000 2.006161433
44 4 3 100 8000 2.006164356
94 8 3 100 8000 2.006165351
60 0 3 100 256000 2.006167434
149 8 3 100 8000 2.006167709
116 4 3 100 8000 2.006171403
100 0 3 100 256000 2.006173142
129 7 3 100 256000 2.006175112
218 0 3 100 256000 2.006175346
164 0 3 100 256000 2.006175410
108 10 3 100 8000 2.006175492
36 7 3 100 256000 2.006176715
151 14 3 100 256000 2.006180208
230 4 3 100 256000 2.006182915
150 14 3 100 8000 2.006184834
152 6 3 100 256000 2.006185313
62 5 3 100 8000 2.006185781
80 15 3 100 8000 2.006190687
149 5 3 100 8000 2.006191217
123 11 3 100 8000 2.006200471
173 7 3 100 256000 2.006203249
79 15 3 100 8000 2.006208508
219 10 3 100 256000 2.006212221
142 5 3 100 256000 2.006220012
99 5 3 100 256000 2.006221840
42 8 3 100 256000 2.006233450
92 7 3 100 256000 2.006233676
171 1 3 100 256000 2.006234124
194 1 3 100 8000 2.006235548
156 13 3 100 8000 2.006239822
195 3 3 100 8000 2.006240777
148 10 3 100 8000 2.006242902
240 5 3 100 8000 2.006247164
159 13 3 100 8000 2.006254203
216 9 3 100 256000 2.006255035
94 11 3 100 256000 2.006258630
196 12 3 100 8000 2.006262126
58 7 3 100 8000 2.006262911
37 10 3 100 8000 2.006265517
168 6 3 100 8000 2.006267911
160 5 3 100 256000 2.006269121
241 9 3 100 256000 2.006270517
140 10 3 100 256000 2.006272203
142 11 3 100 8000 2.006277420
171 5 3 100 256000 2.006277454
148 2 3 100 256000 2.006281937
31 15 3 100 8000 2.006285706
82 4 3 100 8000 2.006287827
125 8 3 100 8000 2.006293635
252 4 3 100 256000 2.006293952
192 2 3 100 256000 2.006295080
40 11 3 100 8000 2.006299265
189 4 3 100 256000 2.006300191
60 1 3 100 256000 2.006303178
237 15 3 100 256000 2.006306260
55 8 3 100 8000 2.006310898
216 14 3 100 8000 2.006314580
192 0 3 100 256000 2.006316846
44 8 3 100 8000 2.006317497
213 14 3 100 256000 2.006318054
135 10 3 100 8000 2.006318388
92 15 3 100 256000 2.006321437
31 11 3 100 8000 2.006325801
26 4 3 100 8000 2.006341700
24 15 3 100 256000 2.006346278
251 0 3 100 8000 2.006347775
218 14 3 100 8000 2.006348881
83 2 3 100 256000 2.006356459
177 7 3 100 256000 2.006358941
247 6 3 100 8000 2.006360865
58 9 3 100 256000 2.006364838
114 2 3 100 256000 2.006364972
196 13 3 100 256000 2.006366204
214 12 3 100 8000 2.006366352
79 3 3 100 256000 2.006370862
135 5 3 100 8000 2.006371531
172 14 3 100 256000 2.006371807
23 7 3 100 8000 2.006377008
149 7 3 100 256000 2.006382255
185 2 3 100 8000 2.006382957
57 11 3 100 256000 2.006384649
134 15 3 100 8000 2.006387510
188 0 3 100 8000 2.006390517
40 6 3 100 256000 2.006394246
242 12 3 100 8000 2.006407138
94 1 3 100 256000 2.006407818
227 14 3 100 256000 2.006410534
195 6 3 100 8000 2.006414051
230 11 3 100 8000 2.006415241
61 13 3 100 256000 2.006415719
46 12 3 100 256000 2.006416062
255 0 3 100 8000 2.006418555
139 2 3 100 256000 2.006421798
22 2 3 100 256000 2.006424434
174 5 3 100 256000 2.006426099
27 0 3 100 256000 2.006427718
33 6 3 100 8000 2.006427968
236 14 3 100 8000 2.006431888
144 0 3 100 256000 2.006434460
240 11 3 100 8000 2.006435201
157 14 3 100 256000 2.006437229
202 7 3 100 8000 2.006444128
139 3 3 100 256000 2.006444457
32 13 3 100 8000 2.006447241
246 7 3 100 256000 2.006449125
68 1 3 100 256000 2.006452580
49 5 3 100 8000 2.006452904
77 12 3 100 256000 2.006458422
149 6 3 100 256000 2.006465738
140 1 3 100 256000 2.006465978
133 1 3 100 8000 2.006467779
136 0 3 100 8000 2.006470105
174 10 3 100 8000 2.006470716
108 7 3 100 8000 2.006475681
240 9 3 100 8000 2.006480398
77 11 3 100 256000 2.006485150
124 12 3 100 256000 2.006494800
195 9 3 100 8000 2.006496726
142 10 3 100 256000 2.006497657
217 11 3 100 8000 2.006499175
171 6 3 100 8000 2.006504964
65 13 3 100 8000 2.006516166
103 8 3 100 8000 2.006516660
113 7 3 100 8000 2.006522227
120 14 3 100 8000 2.006524086
103 2 3 100 8000 2.006527428
136 6 3 100 256000 2.006532102
174 10 3 100 8000 2.006535510
99 10 3 100 8000 2.006538996
60 6 3 100 256000 2.006539691
50 13 3 100 8000 2.006541250
190 13 3 100 8000 2.006541577
231 12 3 100 8000 2.006545461
146 1 3 100 256000 2.006546816
171 14 3 100 256000 2.006549535
27 11 3 100 8000 2.006550109
197 1 3 100 256000 2.006550643
89 10 3 100 8000 2.006551735
43 14 3 100 256000 2.006554400
56 3 3 100 256000 2.006556177
69 9 3 100 256000 2.006560077
61 1 3 100 256000 2.006564101
148 4 3 100 8000 2.006565945
210 9 3 100 8000 2.006572382
217 13 3 100 8000 2.006574043
139 10 3 100 8000 2.006581007
88 9 3 100 256000 2.006588014
249 7 3 100 256000 2.006593362
139 5 3 100 8000 2.006593422
90 13 3 100 8000 2.006594688
202 8 3 100 8000 2.006598432
152 3 3 100 256000 2.006600817
108 9 3 100 256000 2.006602180
220 1 3 100 256000 2.006605079
40 2 3 100 8000 2.006606451
143 15 3 100 256000 2.006613683
101 15 3 100 8000 2.006613818
217 2 3 100 8000 2.006615466
87 4 3 100 8000 2.006619369
88 11 3 100 8000 2.006620866
38 7 3 100 256000 2.006625714
230 9 3 100 8000 2.006631553
163 2 3 100 8000 2.006632010
126 5 3 100 256000 2.006633317
101 0 3 100 256000 2.006633570
37 1 3 100 256000 2.006637856
223 13 3 100 8000 2.006638274
128 4 3 100 256000 2.006638926
254 2 3 100 8000 2.006639190
28 12 3 100 8000 2.006640834
119 12 3 100 256000 2.006640889
45 9 3 100 8000 2.006648378
244 15 3 100 8000 2.006652675
19 5 3 100 8000 2.006663292
220 11 3 100 256000 2.006666428
237 12 3 100 8000 2.006670113
90 2 3 100 8000 2.006671012
42 5 3 100 8000 2.006672248
190 7 3 100 8000 2.006678106
58 7 3 100 256000 2.006678426
171 12 3 100 256000 2.006682366
237 14 3 100 256000 2.006683912
126 2 3 100 256000 2.006684745
62 10 3 100 256000 2.006684969
158 0 3 100 8000 2.006687949
102 10 3 100 8000 2.006689738
182 4 3 100 256000 2.006690721
103 10 3 100 8000 2.006695027
214 8 3 100 8000 2.006695732
187 0 3 100 8000 2.006697123
249 0 3 100 8000 2.006699395
52 13 3 100 256000 2.006701195
118 1 3 100 256000 2.006702196
22 2 3 100 8000 2.006711199
237 15 3 100 8000 2.006718962
119 13 3 100 8000 2.006719860
46 11 3 100 8000 2.006720845
228 5 3 100 256000 2.006724705
126 12 3 100 256000 2.006725932
48 10 3 100 256000 2.006730072
128 11 3 100 8000 2.006733029
142 14 3 100 256000 2.006745257
90 6 3 100 256000 2.006750242
165 3 3 100 8000 2.006755575
87 10 3 100 8000 2.006758473
180 8 3 100 256000 2.006759623
58 4 3 100 256000 2.006763496
172 1 3 100 256000 2.006767556
175 12 3 100 8000 2.006771305
62 0 3 100 256000 2.006779900
198 7 3 100 256000 2.006779981
201 15 3 100 8000 2.006783409
251 5 3 100 8000 2.006783721
96 0 3 100 8000 2.006785167
16 13 3 100 256000 2.006789432
129 8 3 100 8000 2.006793681
57 9 3 100 256000 2.006799463
149 3 3 100 8000 2.006806182
255 0 3 100 8000 2.006806671
188 0 3 100 256000 2.006811169
168 14 3 100 8000 2.006814517
188 0 3 100 256000 2.006820052
23 6 3 100 256000 2.006825259
219 12 3 100 8000 2.006825477
236 7 3 100 256000 2.006831986
252 12 3 100 8000 2.006833011
56 14 3 100 8000 2.006834682
71 6 3 100 8000 2.006839095
48 6 3 100 8000 2.006840816
116 1 3 100 8000 2.006841759
117 5 3 100 256000 2.006843121
76 15 3 100 256000 2.006845297
225 1 3 100 8000 2.006850490
236 2 3 100 8000 2.006855720
242 12 3 100 8000 2.006858532
162 6 3 100 256000 2.006861182
19 1 3 100 256000 2.006861833
171 3 3 100 256000 2.006862371
193 10 3 100 8000 2.006862829
45 8 3 100 8000 2.006863711
191 2 3 100 8000 2.006869412
20 15 3 100 8000 2.006872477
25 1 3 100 256000 2.006873184
98 7 3 100 256000 2.006874087
41 5 3 100 8000 2.006880808
89 14 3 100 8000 2.006881001
174 12 3 100 256000 2.006881451
36 9 3 100 8000 2.006882912
252 13 3 100 8000 2.006883007
202 6 3 100 256000 2.006886004
186 13 3 100 256000 2.006886981
147 6 3 100 256000 2.006891253
204 0 3 100 8000 2.006891695
85 5 3 100 256000 2.006893422
166 10 3 100 256000 2.006894245
25 14 3 100 8000 2.006895135
189 1 3 100 8000 2.006899068
208 14 3 100 256000 2.006903156
56 15 3 100 256000 2.006903299
99 14 3 100 8000 2.006904086
18 0 3 100 256000 2.006910020
201 3 3 100 8000 2.006922895
135 5 3 100 8000 2.006923058
148 14 3 100 8000 2.006924421
173 8 3 100 256000 2.006925829
212 1 3 100 8000 2.006926871
186 10 3 100 8000 2.006928187
234 4 3 100 256000 2.006935476
231 14 3 100 8000 2.006936232
147 0 3 100 8000 2.006943150
70 6 3 100 8000 2.006944117
193 12 3 100 256000 2.006949505
59 12 3 100 8000 2.006950509
45 11 3 100 8000 2.006950611
231 2 3 100 8000 2.006954809
126 15 3 100 256000 2.006956492
161 3 3 100 8000 2.006959600
191 13 3 100 8000 2.006965437
160 9 3 100 256000 2.006983000
217 14 3 100 256000 2.006991750
118 12 3 100 8000 2.006992463
221 11 3 100 256000 2.006994107
152 14 3 100 256000 2.007001360
192 6 3 100 256000 2.007002107
70 9 3 100 8000 2.007012343
249 3 3 100 8000 2.007013013
188 8 3 100 256000 2.007013369
37 10 3 100 256000 2.007013642
40 3 3 100 256000 2.007018029
224 0 3 100 8000 2.007024352
160 2 3 100 256000 2.007038275
75 2 3 100 256000 2.007038743
216 14 3 100 256000 2.007043404
113 7 3 100 8000 2.007044326
99 14 3 100 256000 2.007046057
118 12 3 100 256000 2.007046587
231 5 3 100 8000 2.007048461
91 10 3 100 8000 2.007049676
81 13 3 100 256000 2.007050315
242 15 3 100 8000 2.007051480
55 13 3 100 8000 2.007057239
48 1 3 100 8000 2.007061910
71 2 3 100 8000 2.007063666
65 13 3 100 256000 2.007066895
206 2 3 100 8000 2.007069976
154 5 3 100 256000 2.007075491
110 9 3 100 8000 2.007075924
203 10 3 100 8000 2.007078348
120 8 3 100 8000 2.007089042
237 10 3 100 8000 2.007099295
119 8 3 100 8000 2.007100902
202 4 3 100 8000 2.007103720
154 2 3 100 256000 2.007110181
100 0 3 100 8000 2.007111543
146 14 3 100 8000 2.007118045
28 0 3 100 8000 2.007126304
199 7 3 100 256000 2.007130655
85 14 3 100 8000 2.007137744
130 12 3 100 8000 2.007138286
145 8 3 100 256000 2.007138796
81 11 3 100 256000 2.007147987
85 10 3 100 256000 2.007159532
38 0 3 100 8000 2.007165970
135 11 3 100 8000 2.007169618
163 11 3 100 8000 2.007173233
60 7 3 100 256000 2.007178187
85 3 3 100 256000 2.007180491
94 7 3 100 256000 2.007180670
46 0 3 100 8000 2.007182143
160 13 3 100 8000 2.007183049
23 3 3 100 256000 2.007186527
182 5 3 100 8000 2.007191012
174 6 3 100 256000 2.007191269
181 13 3 100 8000 2.007196200
35 14 3 100 8000 2.007197760
61 8 3 100 256000 2.007216089
16 11 3 100 8000 2.007217056
211 13 3 100 256000 2.007220318
218 14 3 100 8000 2.007220852
130 12 3 100 8000 2.007222449
164 3 3 100 8000 2.007227820
123 8 3 100 8000 2.007228260
151 11 3 100 8000 2.007232705
67 2 3 100 8000 2.007233987
81 8 3 100 8000 2.007234183
35 0 3 100 256000 2.007248129
242 1 3 100 8000 2.007252078
224 10 3 100 256000 2.007255471
80 8 3 100 256000 2.007256735
62 1 3 100 256000 2.007259008
221 0 3 100 8000 2.007261899
222 0 3 100 256000 2.007264685
19 9 3 100 8000 2.007267704
233 10 3 100 8000 2.007272290
45 7 3 100 8000 2.007276465
178 2 3 100 8000 2.007278550
224 14 3 100 8000 2.007278876
155 15 3 100 256000 2.007279303
222 9 3 100 8000 2.007279869
55 6 3 100 256000 2.007283868
38 3 3 100 256000 2.007286364
46 11 3 100 8000 2.007286963
37 9 3 100 8000 2.007288640
132 4 3 100 256000 2.007289632
134 15 3 100 256000 2.007295588
112 9 3 100 8000 2.007298882
127 10 3 100 256000 2.007301989
145 1 3 100 256000 2.007302353
182 10 3 100 256000 2.007302454
87 15 3 100 256000 2.007304315
129 9 3 100 8000 2.007305188
99 1 3 100 256000 2.007309948
145 3 3 100 256000 2.007315738
132 12 3 100 8000 2.007316184
177 6 3 100 8000 2.007318857
83 0 3 100 256000 2.007320209
114 1 3 100 8000 2.007321650
130 2 3 100 256000 2.007323836
208 13 3 100 8000 2.007333500
219 9 3 100 256000 2.007334463
155 12 3 100 8000 2.007338724
102 4 3 100 8000 2.007340624
85 7 3 100 8000 2.007340860
175 4 3 100 8000 2.007341309
195 8 3 100 256000 2.007343436
104 5 3 100 8000 2.007344067
241 2 3 100 256000 2.007345224
226 9 3 100 256000 2.007348884
38 10 3 100 8000 2.007352468
250 9 3 100 8000 2.007353301
68 12 3 100 256000 2.007360078
203 1 3 100 256000 2.007360607
162 2 3 100 8000 2.007362150
187 0 3 100 256000 2.007366143
171 12 3 100 256000 2.007373420
106 13 3 100 8000 2.007376435
138 3 3 100 8000 2.007379032
197 13 3 100 8000 2.007383575
79 13 3 100 8000 2.007389562
28 1 3 100 256000 2.007397818
153 4 3 100 256000 2.007403966
74 9 3 100 8000 2.007404330
22 2 3 100 256000 2.007405953
148 0 3 100 256000 2.007409481
187 3 3 100 8000 2.007410113
140 4 3 100 8000 2.007411301
143 10 3 100 256000 2.007413466
207 12 3 100 256000 2.007415257
92 2 3 100 8000 2.007415877
132 2 3 100 8000 2.007417914
182 15 3 100 256000 2.007418285
31 11 3 100 256000 2.007419440
142 5 3 100 256000 2.007421846
201 3 3 100 256000 2.007422696
48 2 3 100 256000 2.007424759
175 0 3 100 256000 2.007431711
39 3 3 100 256000 2.007435208
171 9 3 100 8000 2.007438078
209 0 3 100 8000 2.007442297
142 12 3 100 256000 2.007445906
85 11 3 100 256000 2.007446857
218 12 3 100 8000 2.007451998
24 5 3 100 256000 2.007452839
209 12 3 100 8000 2.007455774
104 1 3 100 256000 2.007456220
44 6 3 100 8000 2.007456514
150 0 3 100 8000 2.007460332
226 13 3 100 8000 2.007460632
220 13 3 100 8000 2.007463467
50 1 3 100 256000 2.007466600
104 0 3 100 8000 2.007467812
118 7 3 100 256000 2.007469553
69 15 3 100 8000 2.007472488
175 5 3 100 8000 2.007474282
76 5 3 100 256000 2.007478939
21 3 3 100 256000 2.007483086
108 12 3 100 8000 2.007483531
114 6 3 100 8000 2.007485947
118 3 3 100 8000 2.007487038
248 9 3 100 8000 2.007490084
114 11 3 100 8000 2.007502426
134 14 3 100 8000 2.007505716
252 7 3 100 8000 2.007509685
153 9 3 100 256000 2.007511147
159 2 3 100 8000 2.007519417
105 3 3 100 8000 2.007522374
61 14 3 100 8000 2.007534041
58 7 3 100 256000 2.007534288
96 6 3 100 256000 2.007539888
107 2 3 100 8000 2.007540660
151 11 3 100 256000 2.007540789
81 6 3 100 8000 2.007545634
149 14 3 100 256000 2.007548226
125 4 3 100 8000 2.007550540
33 5 3 100 8000 2.007558241
113 9 3 100 256000 2.007559346
77 2 3 100 256000 2.007559764
28 4 3 100 256000 2.007560206
173 15 3 100 8000 2.007560782
53 7 3 100 8000 2.007562782
170 3 3 100 256000 2.007565247
165 13 3 100 8000 2.007568593
208 5 3 100 8000 2.007568865
41 10 3 100 256000 2.007573618
38 9 3 100 256000 2.007576192
210 13 3 100 256000 2.007577353
175 0 3 100 8000 2.007581032
19 7 3 100 8000 2.007583591
58 7 3 100 8000 2.007589386
76 13 3 100 8000 2.007592373
46 11 3 100 8000 2.007593666
174 2 3 100 256000 2.007596620
91 5 3 100 8000 2.007600729
228 12 3 100 8000 2.007606151
247 9 3 100 8000 2.007610991
208 7 3 100 8000 2.007615084
204 9 3 100 8000 2.007615553
51 1 3 100 8000 2.007617126
107 7 3 100 256000 2.007619232
144 14 3 100 8000 2.007619682
181 10 3 100 8000 2.007620668
138 8 3 100 8000 2.007620938
199 6 3 100 256000 2.007621378
48 8 3 100 256000 2.007637007
85 8 3 100 256000 2.007640076
102 3 3 100 8000 2.007641928
178 10 3 100 256000 2.007645031
130 4 3 100 8000 2.007651015
105 7 3 100 256000 2.007651350
151 3 3 100 8000 2.007652114
241 10 3 100 8000 2.007654889
207 6 3 100 8000 2.007655201
129 1 3 100 256000 2.007656958
176 10 3 100 256000 2.007658010
37 8 3 100 256000 2.007659878
25 11 3 100 256000 2.007659879
29 8 3 100 8000 2.007665245
197 12 3 100 256000 2.007667085
119 9 3 100 256000 2.007670395
189 4 3 100 256000 2.007673315
187 1 3 100 256000 2.007674091
54 0 3 100 256000 2.007679173
136 14 3 100 256000 2.007683372
220 2 3 100 256000 2.007685041
56 11 3 100 8000 2.007696433
31 12 3 100 8000 2.007704928
131 10 3 100 256000 2.007708059
200 5 3 100 256000 2.007710910
68 12 3 100 256000 2.007711239
179 7 3 100 256000 2.007718373
58 14 3 100 8000 2.007719932
248 10 3 100 256000 2.007727270
215 2 3 100 8000 2.007728479
213 11 3 100 8000 2.007728607
234 4 3 100 8000 2.007729211
236 11 3 100 8000 2.007730753
77 3 3 100 256000 2.007733372
123 5 3 100 256000 2.007740863
196 4 3 100 8000 2.007742027
182 1 3 100 8000 2.007742138
184 0 3 100 256000 2.007742493
72 15 3 100 256000 2.007749494
168 15 3 100 256000 2.007752171
191 0 3 100 8000 2.007754290
57 10 3 100 8000 2.007757324
20 1 3 100 256000 2.007758073
104 7 3 100 8000 2.007758401
104 10 3 100 8000 2.007763354
49 0 3 100 256000 2.007768310
232 12 3 100 8000 2.007769224
93 3 3 100 8000 2.007774459
92 15 3 100 8000 2.007780104
208 13 3 100 8000 2.007782395
83 8 3 100 8000 2.007789138
185 1 3 100 8000 2.007792564
130 4 3 100 8000 2.007792973
146 3 3 100 256000 2.007794018
174 6 3 100 256000 2.007797172
196 6 3 100 256000 2.007797442
141 14 3 100 256000 2.007801562
28 1 3 100 256000 2.007803166
201 4 3 100 8000 2.007805261
236 7 3 100 256000 2.007811868
163 5 3 100 8000 2.007815374
119 10 3 100 8000 2.007819624
198 12 3 100 8000 2.007820762
241 15 3 100 8000 2.007821822
91 2 3 100 8000 2.007824800
154 9 3 100 256000 2.007824935
196 2 3 100 256000 2.007830543
140 11 3 100 256000 2.007832552
142 12 3 100 8000 2.007834938
203 10 3 100 256000 2.007838880
199 13 3 100 8000 2.007840361
17 14 3 100 256000 2.007844651
206 6 3 100 8000 2.007845845
189 13 3 100 8000 2.007848926
71 8 3 100 256000 2.007851426
254 0 3 100 256000 2.007852264
46 7 3 100 256000 2.007853366
232 10 3 100 256000 2.007855592
152 4 3 100 256000 2.007857216
47 2 3 100 8000 2.007860035
89 3 3 100 8000 2.007865005
112 14 3 100 256000 2.007868991
127 7 3 100 256000 2.007871078
37 4 3 100 8000 2.007871603
41 9 3 100 256000 2.007884639
26 13 3 100 256000 2.007888902
138 12 3 100 8000 2.007888988
165 0 3 100 8000 2.007895611
16 6 3 100 8000 2.007898140
174 14 3 100 256000 2.007900367
111 11 3 100 8000 2.007901824
185 5 3 100 256000 2.007902174
54 1 3 100 8000 2.007906490
208 12 3 100 8000 2.007907150
193 5 3 100 256000 2.007907712
19 10 3 100 8000 2.007922140
242 13 3 100 8000 2.007923625
29 10 3 100 256000 2.007927657
41 11 3 100 256000 2.007929682
134 4 3 100 256000 2.007931303
123 0 3 100 256000 2.007931802
126 10 3 100 8000 2.007932825
33 6 3 100 256000 2.007932969
84 11 3 100 8000 2.007937308
68 5 3 100 256000 2.007939188
179 15 3 100 256000 2.007941270
16 12 3 100 256000 2.007945999
173 0 3 100 8000 2.007947526
215 13 3 100 8000 2.007951775
46 15 3 100 8000 2.007958654
20 0 3 100 8000 2.007961729
182 9 3 100 8000 2.007961947
222 14 3 100 256000 2.007966292
103 5 3 100 256000 2.007966937
195 13 3 100 256000 2.007967802
23 7 3 100 256000 2.007967928
41 9 3 100 8000 2.007968657
45 12 3 100 8000 2.007974496
161 9 3 100 8000 2.007978732
99 5 3 100 8000 2.007980181
187 14 3 100 256000 2.007984562
136 1 3 100 256000 2.007985516
142 12 3 100 256000 2.007992665
58 8 3 100 256000 2.007993477
250 12 3 100 8000 2.007993712
226 0 3 100 256000 2.007998905
211 0 3 100 256000 2.007999236
236 6 3 100 8000 2.008001562
243 7 3 100 256000 2.008003867
255 12 3 100 8000 2.008007942
128 1 3 100 8000 2.008017269
129 13 3 100 8000 2.008019180
139 13 3 100 8000 2.008020396
249 10 3 100 256000 2.008024970
32 4 3 100 8000 2.008029710
222 12 3 100 8000 2.008032971
108 11 3 100 8000 2.008036264
208 7 3 100 8000 2.008038695
68 4 3 100 256000 2.008042908
237 7 3 100 8000 2.008044005
114 5 3 100 256000 2.008050460
211 10 3 100 8000 2.008053384
24 0 3 100 256000 2.008061386
174 8 3 100 256000 2.008062367
43 5 3 100 256000 2.008063341
131 8 3 100 8000 2.008067278
218 15 3 100 256000 2.008070493
184 8 3 100 256000 2.008075149
196 13 3 100 8000 2.008081291
51 10 3 100 8000 2.008082919
54 4 3 100 256000 2.008087772
159 15 3 100 8000 2.008087775
101 2 3 100 256000 2.008088596
127 12 3 100 8000 2.008095822
75 0 3 100 256000 2.008096603
21 13 3 100 8000 2.008099048
253 15 3 100 8000 2.008100028
135 9 3 100 8000 2.008103051
113 1 3 100 256000 2.008103792
145 7 3 100 256000 2.008105863
153 0 3 100 8000 2.008112036
117 4 3 100 8000 2.008115423
126 5 3 100 8000 2.008116785
174 2 3 100 256000 2.008117951
188 8 3 100 8000 2.008122097
195 0 3 100 256000 2.008122609
130 10 3 100 8000 2.008123034
200 14 3 100 256000 2.008128318
142 1 3 100 8000 2.008128473
130 7 3 100 256000 2.008135934
245 14 3 100 8000 2.008137892
199 5 3 100 8000 2.008138035
245 0 3 100 256000 2.008143697
151 2 3 100 8000 2.008147506
178 15 3 100 8000 2.008150428
224 8 3 100 256000 2.008160920
254 13 3 100 8000 2.008172348
147 9 3 100 8000 2.008176289
96 10 3 100 256000 2.008178912
71 9 3 100 8000 2.008186846
59 8 3 100 256000 2.008191398
176 5 3 100 256000 2.008194888
168 15 3 100 256000 2.008195500
18 13 3 100 256000 2.008198192
107 8 3 100 256000 2.008199322
69 8 3 100 256000 2.008202382
205 7 3 100 256000 2.008202449
86 10 3 100 256000 2.008215323
173 0 3 100 8000 2.008216435
56 6 3 100 256000 2.008225017
128 13 3 100 8000 2.008225299
237 13 3 100 8000 2.008225319
179 14 3 100 8000 2.008225340
98 13 3 100 8000 2.008227819
157 0 3 100 8000 2.008229291
179 5 3 100 8000 2.008229572
212 15 3 100 8000 2.008233284
141 14 3 100 256000 2.008238414
159 14 3 100 256000 2.008242414
27 7 3 100 8000 2.008244138
152 5 3 100 256000 2.008246545
17 8 3 100 256000 2.008246692
80 15 3 100 256000 2.008247779
234 5 3 100 256000 2.008249285
30 12 3 100 256000 2.008249741
147 0 3 100 256000 2.008252628
56 1 3 100 256000 2.008254771
240 14 3 100 256000 2.008259618
245 15 3 100 8000 2.008259750
218 2 3 100 8000 2.008263650
252 12 3 100 256000 2.008271277
94 5 3 100 8000 2.008274251
89 11 3 100 8000 2.008274791
167 6 3 100 8000 2.008276320
35 9 3 100 256000 2.008278132
150 2 3 100 256000 2.008279976
165 11 3 100 8000 2.008279995
234 10 3 100 8000 2.008286993
185 3 3 100 8000 2.008288247
54 0 3 100 256000 2.008290860
17 3 3 100 8000 2.008296600
88 14 3 100 256000 2.008298049
184 5 3 100 8000 2.008303284
88 7 3 100 8000 2.008305309
200 0 3 100 256000 2.008310791
212 6 3 100 8000 2.008310915
59 6 3 100 256000 2.008311641
118 5 3 100 256000 2.008313592
172 8 3 100 8000 2.008315956
226 9 3 100 256000 2.008322164
89 14 3 100 8000 2.008326382
62 0 3 100 256000 2.008333012
40 2 3 100 256000 2.008333454
212 5 3 100 256000 2.008335319
179 8 3 100 8000 2.008336522
65 3 3 100 256000 2.008337685
92 0 3 100 256000 2.008340868
174 6 3 100 256000 2.008342491
194 6 3 100 8000 2.008346475
85 7 3 100 8000 2.008347327
102 8 3 100 8000 2.008348599
52 1 3 100 256000 2.008354207
145 0 3 100 256000 2.008361891
46 15 3 100 256000 2.008366737
100 4 3 100 8000 2.008371615
254 1 3 100 8000 2.008371983
48 13 3 100 256000 2.008375682
99 2 3 100 256000 2.008380305
152 7 3 100 256000 2.008383640
159 14 3 100 256000 2.008384263
232 15 3 100 8000 2.008388311
54 6 3 100 256000 2.008388789
64 12 3 100 8000 2.008390497
86 3 3 100 8000 2.008393049
128 0 3 100 256000 2.008393936
205 8 3 100 256000 2.008400183
129 6 3 100 8000 2.008402196
232 2 3 100 8000 2.008405034
118 11 3 100 256000 2.008409648
176 12 3 100 8000 2.008423559
157 2 3 100 256000 2.008424859
114 14 3 100 8000 2.008428648
107 4 3 100 256000 2.008429105
123 5 3 100 8000 2.008433126
248 0 3 100 8000 2.008444013
224 8 3 100 256000 2.008444514
181 4 3 100 8000 2.008445302
122 0 3 100 256000 2.008448466
195 14 3 100 256000 2.008451550
226 6 3 100 256000 2.008457181
139 4 3 100 8000 2.008468324
179 15 3 100 256000 2.008468773
185 14 3 100 256000 2.008469307
204 6 3 100 256000 2.008470729
219 13 3 100 256000 2.008473317
93 10 3 100 8000 2.008473910
86 15 3 100 8000 2.008474470
26 13 3 100 8000 2.008479357
67 4 3 100 8000 2.008483146
52 1 3 100 8000 2.008484001
59 0 3 100 8000 2.008486980
204 12 3 100 256000 2.008490246
237 5 3 100 8000 2.008491170
74 12 3 100 256000 2.008495168
72 12 3 100 256000 2.008495272
252 9 3 100 256000 2.008495456
91 8 3 100 256000 2.008498032
221 9 3 100 8000 2.008500575
221 7 3 100 8000 2.008500697
225 7 3 100 256000 2.008500764
219 11 3 100 8000 2.008506655
195 13 3 100 8000 2.008508494
101 10 3 100 8000 2.008526603
124 7 3 100 8000 2.008534464
201 0 3 100 8000 2.008544437
93 11 3 100 256000 2.008552821
184 2 3 100 256000 2.008559056
38 9 3 100 8000 2.008561343
157 0 3 100 8000 2.008567345
117 12 3 100 8000 2.008576248
208 12 3 100 256000 2.008577847
117 1 3 100 8000 2.008578416
117 15 3 100 256000 2.008580247
116 6 3 100 8000 2.008592142
252 1 3 100 8000 2.008592179
70 11 3 100 8000 2.008596401
42 13 3 100 256000 2.008598150
29 4 3 100 8000 2.008609082
84 6 3 100 8000 2.008609880
173 0 3 100 256000 2.008614034
248 7 3 100 256000 2.008626253
201 1 3 100 256000 2.008630605
56 2 3 100 8000 2.008638689
179 7 3 100 8000 2.008639390
226 15 3 100 256000 2.008644440
30 0 3 100 256000 2.008645104
100 15 3 100 8000 2.008646175
91 9 3 100 8000 2.008648378
118 14 3 100 256000 2.008648869
233 11 3 100 8000 2.008650781
25 2 3 100 8000 2.008652745
119 9 3 100 8000 2.008659026
181 2 3 100 8000 2.008666499
121 0 3 100 256000 2.008667351
128 3 3 100 256000 2.008670125
107 12 3 100 8000 2.008680633
70 9 3 100 8000 2.008688860
54 13 3 100 256000 2.008695838
234 13 3 100 256000 2.008699190
125 8 3 100 256000 2.008704259
46 1 3 100 256000 2.008711803
198 11 3 100 256000 2.008711972
177 10 3 100 256000 2.008714840
44 10 3 100 256000 2.008717264
221 6 3 100 256000 2.008719507
248 15 3 100 256000 2.008726537
185 2 3 100 8000 2.008729307
131 4 3 100 256000 2.008734649
108 15 3 100 8000 2.008738635
115 1 3 100 256000 2.008739390
144 14 3 100 256000 2.008750099
119 12 3 100 8000 2.008752786
85 10 3 100 256000 2.008753632
95 3 3 100 256000 2.008761955
176 10 3 100 256000 2.008764710
234 6 3 100 256000 2.008772485
19 14 3 100 8000 2.008777728
222 8 3 100 256000 2.008783114
84 6 3 100 256000 2.008786152
20 0 3 100 8000 2.008787915
164 15 3 100 256000 2.008799780
174 4 3 100 8000 2.008805272
223 13 3 100 8000 2.008806951
133 9 3 100 256000 2.008807503
89 0 3 100 256000 2.008808185
37 2 3 100 256000 2.008808897
149 7 3 100 256000 2.008809822
208 5 3 100 256000 2.008815643
85 6 3 100 256000 2.008815986
248 7 3 100 256000 2.008818091
247 5 3 100 8000 2.008828148
195 0 3 100 8000 2.008835471
89 5 3 100 8000 2.008838974
186 14 3 100 8000 2.008839695
168 13 3 100 256000 2.008840841
186 4 3 100 256000 2.008842829
68 10 3 100 256000 2.008845989
56 12 3 100 8000 2.008848108
201 11 3 100 8000 2.008853771
52 11 3 100 256000 2.008860501
188 14 3 100 8000 2.008860852
180 15 3 100 256000 2.008861688
219 4 3 100 8000 2.008865006
148 7 3 100 8000 2.008865124
208 6 3 100 256000 2.008867045
196 1 3 100 8000 2.008869285
226 0 3 100 256000 2.008871037
191 0 3 100 256000 2.008873119
49 8 3 100 256000 2.008874529
185 0 3 100 8000 2.008875556
174 13 3 100 8000 2.008876472
234 13 3 100 8000 2.008880170
167 4 3 100 8000 2.008880275
249 4 3 100 256000 2.008880767
38 4 3 100 8000 2.008881577
105 5 3 100 256000 2.008884724
125 7 3 100 256000 2.008887620
226 2 3 100 8000 2.008888068
48 13 3 100 8000 2.008898314
87 3 3 100 8000 2.008898463
72 4 3 100 256000 2.008899496
125 10 3 100 256000 2.008902684
46 4 3 100 8000 2.008906226
144 10 3 100 8000 2.008911096
237 4 3 100 8000 2.008913998
157 10 3 100 256000 2.008914667
213 7 3 100 256000 2.008917832
106 14 3 100 256000 2.008919053
81 4 3 100 256000 2.008921073
174 13 3 100 8000 2.008927428
113 3 3 100 256000 2.008929914
204 15 3 100 256000 2.008931746
118 14 3 100 8000 2.008938243
185 4 3 100 8000 2.008952620
150 15 3 100 8000 2.008954661
124 10 3 100 256000 2.008955548
99 2 3 100 8000 2.008958197
200 3 3 100 256000 2.008958274
70 13 3 100 256000 2.008959473
83 1 3 100 8000 2.008968587
201 0 3 100 256000 2.008968935
120 2 3 100 256000 2.008970460
94 12 3 100 256000 2.008977206
83 6 3 100 8000 2.008980661
38 10 3 100 8000 2.008985483
44 4 3 100 8000 2.008986404
249 6 3 100 8000 2.008990304
74 5 3 100 256000 2.008991104
93 8 3 100 256000 2.008993724
147 15 3 100 256000 2.008997391
71 1 3 100 256000 2.009000702
49 1 3 100 8000 2.009008866
149 13 3 100 8000 2.009009751
174 5 3 100 8000 2.009024620
103 1 3 100 8000 2.009032886
223 10 3 100 8000 2.009034938
252 15 3 100 8000 2.009049268
201 1 3 100 256000 2.009051052
74 10 3 100 256000 2.009051728
27 7 3 100 8000 2.009062058
181 10 3 100 8000 2.009070390
205 1 3 100 256000 2.009075002
234 8 3 100 8000 2.009082031
114 6 3 100 8000 2.009082426
123 4 3 100 256000 2.009090197
185 3 3 100 256000 2.009094549
164 8 3 100 8000 2.009094582
164 5 3 100 8000 2.009095443
196 13 3 100 8000 2.009097706
91 5 3 100 8000 2.009105903
179 11 3 100 8000 2.009116593
130 7 3 100 8000 2.009119302
102 8 3 100 256000 2.009120811
219 9 3 100 256000 2.009122928
35 6 3 100 8000 2.009123391
19 6 3 100 256000 2.009125090
72 3 3 100 256000 2.009127349
210 2 3 100 8000 2.009129504
180 0 3 100 256000 2.009133916
174 4 3 100 8000 2.009137468
235 6 3 100 8000 2.009140973
252 8 3 100 256000 2.009143291
191 5 3 100 8000 2.009145029
38 12 3 100 8000 2.009145876
132 9 3 100 8000 2.009163292
24 7 3 100 256000 2.009164573
117 15 3 100 256000 2.009171515
232 12 3 100 256000 2.009173568
46 12 3 100 256000 2.009176709
150 15 3 100 8000 2.009182140
62 11 3 100 256000 2.009183121
27 12 3 100 8000 2.009188022
117 12 3 100 8000 2.009191595
139 5 3 100 8000 2.009192245
201 6 3 100 256000 2.009207094
153 5 3 100 256000 2.009208215
72 9 3 100 256000 2.009210745
58 0 3 100 8000 2.009220189
120 7 3 100 256000 2.009234596
127 15 3 100 8000 2.009239366
177 0 3 100 8000 2.009254833
177 13 3 100 8000 2.009256078
37 2 3 100 8000 2.009256476
101 15 3 100 256000 2.009259355
107 14 3 100 256000 2.009260153
23 9 3 100 256000 2.009263698
79 7 3 100 8000 2.009263992
177 14 3 100 8000 2.009265977
30 5 3 100 256000 2.009267829
124 10 3 100 8000 2.009268500
188 4 3 100 256000 2.009275061
95 9 3 100 256000 2.009277112
97 2 3 100 8000 2.009279701
242 0 3 100 8000 2.009297273
24 3 3 100 256000 2.009298268
189 12 3 100 8000 2.009298603
201 15 3 100 256000 2.009300619
29 15 3 100 8000 2.009306090
148 15 3 100 8000 2.009325991
245 11 3 100 8000 2.009331039
101 10 3 100 256000 2.009337830
225 13 3 100 256000 2.009339084
122 1 3 100 256000 2.009346757
178 11 3 100 256000 2.009351500
149 15 3 100 256000 2.009351932
71 3 3 100 8000 2.009356353
46 11 3 100 256000 2.009357155
235 0 3 100 256000 2.009372234
31 15 3 100 256000 2.009376016
26 2 3 100 8000 2.009410705
61 7 3 100 8000 2.009418547
181 1 3 100 256000 2.009431969
58 5 3 100 256000 2.009448596
173 11 3 100 8000 2.009449466
68 13 3 100 256000 2.009462426
247 15 3 100 256000 2.009470458
117 4 3 100 8000 2.009484950
149 1 3 100 8000 2.009487285
249 11 3 100 8000 2.009488235
56 10 3 100 256000 2.009492376
97 0 3 100 256000 2.009499041
62 11 3 100 256000 2.009499561
147 2 3 100 8000 2.009503437
195 2 3 100 8000 2.009505331
225 12 3 100 256000 2.009512073
56 3 3 100 8000 2.009522533
131 11 3 100 256000 2.009525047
195 13 3 100 8000 2.009527630
52 9 3 100 8000 2.009530966
22 9 3 100 256000 2.009537555
83 13 3 100 256000 2.009543824
114 8 3 100 8000 2.009546755
54 8 3 100 8000 2.009549646
174 11 3 100 8000 2.009552075
68 15 3 100 8000 2.009552513
169 10 3 100 8000 2.009552782
210 12 3 100 8000 2.009554081
45 7 3 100 256000 2.009567702
129 13 3 100 8000 2.009569743
179 2 3 100 8000 2.009581452
164 2 3 100 256000 2.009591654
176 2 3 100 8000 2.009608077
241 7 3 100 256000 2.009618266
72 7 3 100 8000 2.009620710
45 1 3 100 256000 2.009631925
253 6 3 100 256000 2.009643186
208 7 3 100 8000 2.009651583
64 15 3 100 8000 2.009661264
64 4 3 100 256000 2.009668744
176 11 3 100 256000 2.009675926
48 15 3 100 8000 2.009678545
28 4 3 100 256000 2.009683015
24 10 3 100 256000 2.009685503
107 5 3 100 8000 2.009685565
29 11 3 100 8000 2.009686382
45 9 3 100 256000 2.009708470
174 13 3 100 8000 2.009708911
195 7 3 100 256000 2.009711057
54 1 3 100 8000 2.009717702
71 9 3 100 256000 2.009725901
68 4 3 100 256000 2.009741719
129 4 3 100 256000 2.009748089
190 2 3 100 8000 2.009757516
71 9 3 100 8000 2.009767202
241 3 3 100 256000 2.009776961
108 7 3 100 8000 2.009794001
70 13 3 100 256000 2.009804956
147 2 3 100 8000 2.009817790
79 1 3 100 8000 2.009825024
255 15 3 100 256000 2.009842198
68 6 3 100 256000 2.009851685
147 4 3 100 256000 2.009852751
110 15 3 100 8000 2.009853520
70 5 3 100 8000 2.009855839
35 6 3 100 256000 2.009858589
54 10 3 100 256000 2.009871485
117 2 3 100 256000 2.009883106
179 13 3 100 256000 2.009917375
64 4 3 100 256000 2.009950197
86 13 3 100 256000 2.009952915
