20
79 11 3 100 8000 2.000024165
138 0 3 100 8000 2.000025953
232 14 3 100 256000 2.000027410
209 15 3 100 8000 2.000028095
205 11 3 100 8000 2.000028458
134 11 3 100 8000 2.000031615
106 15 3 100 8000 2.000031913
213 13 3 100 8000 2.000036601
71 2 3 100 256000 2.000040859
28 0 3 100 8000 2.000042667
218 8 3 100 8000 2.000043821
225 11 3 100 256000 2.000047676
180 0 3 100 8000 2.000049652
224 1 3 100 8000 2.000051522
166 4 3 100 256000 2.000057864
80 7 3 100 256000 2.000057925
54 5 3 100 256000 2.000059474
73 9 3 100 256000 2.000067062
223 8 3 100 8000 2.000069784
101 13 3 100 256000 2.000072148

